geolocation: United Kingdom
lastlocation:
  world: Metacurse
  x: -66.5
  y: 70.0
  z: -71.5
  yaw: 0.06689453
  pitch: -1.799998
lastAccountName: 4D1CT1ON
timestamps:
  login: 1424971971722
  logout: 1424972384008
ipAddress: 5.71.120.152
logoutlocation:
  world: Metacurse
  x: -66.53533363448038
  y: 68.0
  z: -105.90877382637586
  yaw: -177.22581
  pitch: 17.615889
money: '0.0'
