lastlocation:
  world: Metacurse
  x: -614.6999999880791
  y: 67.03884061193153
  z: -1263.3708607841177
  yaw: 100.54821
  pitch: 17.850029
geolocation: Australia
lastAccountName: beagle5555
timestamps:
  login: 1423352200327
  lastteleport: 1423352367951
  logout: 1423353045542
ipAddress: 120.150.190.135
logoutlocation:
  world: Metacurse
  x: -3.6365476952400284
  y: 64.0
  z: -299.36358889771816
  yaw: 176.55002
  pitch: 8.249986
money: '0.0'
