geolocation: United States
lastlocation:
  world: Metacurse
  x: -1568.3234470936768
  y: 70.0
  z: -2410.612914251156
  yaw: 192.65309
  pitch: 28.049955
lastAccountName: Dreadedone79
timestamps:
  login: 1424928535921
  lastteleport: 1424929162838
  logout: 1424929810917
ipAddress: 70.225.131.49
logoutlocation:
  world: Metacurse
  x: -66.27079895926762
  y: 70.0
  z: -71.66739129508225
  yaw: -353.85278
  pitch: 11.549999
money: '309.0'
