geolocation: United States
lastlocation:
  world: Metacurse
  x: -8.928783496846602
  y: 70.0
  z: -124.14044856545283
  yaw: -145.0601
  pitch: 9.115109
lastAccountName: demoncakes440
timestamps:
  login: 1425594682024
  logout: 1425594869662
  lastteleport: 1425594775733
ipAddress: 73.51.137.233
logoutlocation:
  world: Metacurse
  x: 1865.4678927751768
  y: 93.0
  z: -479.82776987280886
  yaw: 133.76306
  pitch: -26.192226
money: '0.0'
