geolocation: United States
lastlocation:
  world: Metacurse
  x: -487.4598305996608
  y: 67.0
  z: 5445.045797381399
  yaw: 116.62619
  pitch: 8.849968
lastAccountName: _xXFruitCrewXx_
timestamps:
  login: 1426194215876
  logout: 1426196178190
  lastteleport: 1426195969479
ipAddress: 108.40.13.129
logoutlocation:
  world: Metacurse
  x: -46.297421111771435
  y: 71.0
  z: -90.69461702346432
  yaw: 96.21692
  pitch: -27.900002
money: '521.92'
