geolocation: United States
lastlocation:
  world: Metacurse
  x: -66.5
  y: 70.0
  z: -71.5
  yaw: 0.06689453
  pitch: -1.799998
lastAccountName: Bakerbrats
timestamps:
  login: 1425255258159
  logout: 1425255505304
ipAddress: 184.19.160.208
logoutlocation:
  world: Metacurse
  x: -343.7469384353812
  y: 64.0
  z: 97.69999998807907
  yaw: 341.47147
  pitch: 5.4659996
money: '0.0'
