geolocation: Canada
lastlocation:
  world: Metacurse
  x: -47.395674723436805
  y: 69.0
  z: -26.54486249337896
  yaw: -341.81863
  pitch: 28.829239
lastAccountName: maddogfesikk1234
timestamps:
  login: 1426040970833
  lastteleport: 1426041133970
  logout: 1426041169156
ipAddress: 70.65.213.251
money: '1700'
logoutlocation:
  world: Metacurse
  x: -67.0
  y: 70.0
  z: -72.0
  yaw: 0.0
  pitch: 0.0
