geolocation: United States
lastlocation:
  world: Metacurse
  x: -51.48750001192093
  y: 69.0
  z: -2763.080135810893
  yaw: 197.75616
  pitch: 27.899994
lastAccountName: RecklessValkyrie
timestamps:
  login: 1426147096680
  lastteleport: 1426147946323
  logout: 1426148090758
ipAddress: 97.121.56.62
logoutlocation:
  world: Metacurse
  x: -64.97864322791486
  y: 70.0
  z: -71.47329915896265
  yaw: 270.21664
  pitch: 11.700029
