lastlocation:
  world: Metacurse
  x: 2521.1126307121144
  y: 65.5
  z: 6976.511149402018
  yaw: 199.13948
  pitch: 45.00002
geolocation: Australia
lastAccountName: _Wadee_
timestamps:
  login: 1423988556993
  lastteleport: 1423988134827
  logout: 1423988956562
ipAddress: 124.185.1.1
logoutlocation:
  world: Metacurse
  x: 2500.6388450110953
  y: 83.0
  z: 6801.142940608072
  yaw: 67.88973
  pitch: 38.099915
money: '0.0'
