geolocation: United States
lastlocation:
  world: Metacurse
  x: -66.5
  y: 70.0
  z: -71.5
  yaw: 0.06689453
  pitch: -1.799998
lastAccountName: FatherGaben
timestamps:
  login: 1424536462288
  logout: 1424536560833
ipAddress: 98.237.110.92
logoutlocation:
  world: Metacurse
  x: -220.37987478760525
  y: 68.0
  z: -41.307053602792614
  yaw: 28.630009
  pitch: 3.1889658
money: '0.0'
