lastlocation:
  world: Metacurse
  x: -4488.643233344795
  y: 70.0
  z: -1781.5258546947944
  yaw: -30.794296
  pitch: 42.74988
geolocation: United States
lastAccountName: Varanta
timestamps:
  login: 1426224282090
  logout: 1426237121815
  lastteleport: 1426236376490
ipAddress: 97.121.56.62
logoutlocation:
  world: Metacurse
  x: -4438.248950008
  y: 75.0
  z: -1857.1024984486312
  yaw: -264.78967
  pitch: 14.999939
homes:
  home:
    world: Metacurse
    x: -4487.9784649138255
    y: 70.0
    z: -1783.9117382877832
    yaw: 81.705864
    pitch: 45.8999
  ship:
    world: Metacurse
    x: -4440.122089898885
    y: 71.0
    z: -1834.5751646852434
    yaw: 14.509699
    pitch: 20.699972
  spiders:
    world: Metacurse
    x: 485.5
    y: 15.0
    z: 6024.5
    yaw: -141.62416
    pitch: 31.350004
money: '7230.55'
afk: false
