geolocation: United States
lastlocation:
  world: Metacurse
  x: -66.5
  y: 70.0
  z: -71.5
  yaw: 0.06689453
  pitch: -1.799998
lastAccountName: Brownrya000
timestamps:
  login: 1425846678152
  logout: 1425846700925
ipAddress: 99.64.105.29
logoutlocation:
  world: Metacurse
  x: -48.803499314208054
  y: 69.0
  z: -71.57772157130267
  yaw: 281.62408
  pitch: 33.0659
