money: '100.0'
lastlocation:
  world: Metacurse
  x: 1486.487584572591
  y: 72.0
  z: -1276.699999988079
  yaw: 180.05388
  pitch: 7.499991
geolocation: Trinidad and Tobago
lastAccountName: zombiehugger4
timestamps:
  login: 1426201358809
  logout: 1426201406028
  lastteleport: 1425855766361
ipAddress: 190.213.163.102
logoutlocation:
  world: Metacurse
  x: -20.300000011920925
  y: 70.0
  z: -69.46286234730331
  yaw: 260.9154
  pitch: 24.599983
