geolocation: United States
lastlocation:
  world: Metacurse
  x: -66.5
  y: 70.0
  z: -71.5
  yaw: 0.06689453
  pitch: -1.799998
lastAccountName: Chicken50Nuggets
timestamps:
  login: 1424993212006
  logout: 1424994738972
ipAddress: 24.59.251.242
money: '763.0'
logoutlocation:
  world: Metacurse
  x: 642.6999999880791
  y: 55.0
  z: -968.3708769900852
  yaw: 144.82172
  pitch: 39.150078
