lastlocation:
  world: Metacurse
  x: -5996.5
  y: 98.0
  z: -1354.5
  yaw: 24.077667
  pitch: 20.399979
geolocation: United Kingdom
lastAccountName: whitetiger007uk
timestamps:
  login: 1424093620624
  logout: 1424093988851
  lastteleport: 1424093858941
ipAddress: 109.151.220.163
logoutlocation:
  world: Metacurse
  x: -5986.9380417126295
  y: 98.0
  z: -1352.7921587527815
  yaw: 333.07526
  pitch: 39.750122
money: '1000.0'
