geolocation: United States
lastlocation:
  world: Metacurse
  x: -543.472074976507
  y: 76.0
  z: -71.14780848504415
  yaw: 70.499756
  pitch: 32.549976
lastAccountName: JustKnowIGame
timestamps:
  login: 1424297699203
  logout: 1424299842952
ipAddress: 50.137.120.138
logoutlocation:
  world: Metacurse
  x: -226.30000001192093
  y: 72.0
  z: -1399.699999988079
  yaw: 51.210083
  pitch: 80.85
money: '212.0'
