geolocation: United States
lastlocation:
  world: Metacurse
  x: -251.7667625836243
  y: 67.0
  z: -57.07903716233473
  yaw: 300.37402
  pitch: 0.75000334
lastAccountName: Saphrana
timestamps:
  login: 1423622108334
  lastteleport: 1423622311370
  logout: 1423622371930
ipAddress: 75.108.110.53
logoutlocation:
  world: Metacurse
  x: 2004.3388849873527
  y: 76.5
  z: 2358.0657405308457
  yaw: -197.78067
  pitch: 10.650011
money: '0.0'
