geolocation: United States
lastlocation:
  world: Metacurse
  x: -49.5
  y: 69.0
  z: -25.5
  yaw: -89.62385
  pitch: 29.85
lastAccountName: Armyman767
timestamps:
  login: 1424665203726
  lastteleport: 1424665430347
  logout: 1424667178407
ipAddress: 98.193.102.163
afk: false
logoutlocation:
  world: Metacurse
  x: -60.30000001192093
  y: 70.0
  z: -76.69999998807907
  yaw: 0.0
  pitch: 0.0
money: '5067.02'
