geolocation: United States
lastlocation:
  world: Metacurse
  x: -675.9159622354757
  y: 79.5
  z: -183.8338394324694
  yaw: -253.90875
  pitch: 10.049921
lastAccountName: ALostWakingDream
timestamps:
  login: 1426217310697
  logout: 1426217453682
  lastteleport: 1426154017793
ipAddress: 184.2.127.229
money: '12090.35'
logoutlocation:
  world: Metacurse
  x: -3941.8685248039196
  y: 70.0
  z: -1034.3210703729262
  yaw: 180.00017
  pitch: -2.9999912
afk: false
