lastlocation:
  world: Metacurse
  x: -66.5
  y: 70.0
  z: -71.5
  yaw: 0.06689453
  pitch: -1.799998
geolocation: United States
lastAccountName: halowarrior187
timestamps:
  login: 1425175476133
  logout: 1425179148627
ipAddress: 192.161.72.51
logoutlocation:
  world: Metacurse
  x: -6020.438478587271
  y: 63.0
  z: 116.2696453579739
  yaw: 137.78438
  pitch: 1.6500041
money: '12.0'
