geolocation: United States
lastlocation:
  world: Metacurse
  x: -66.5
  y: 70.0
  z: -71.5
  yaw: -177.37592
  pitch: 6.065892
lastAccountName: nick2015a
timestamps:
  login: 1426255650461
  lastteleport: 1426255685379
  logout: 1426255710581
ipAddress: 97.97.153.159
logoutlocation:
  world: Metacurse
  x: -3744.6175065732855
  y: 70.0
  z: -5960.699999988079
  yaw: 2.8353505
  pitch: 16.79998
