lastlocation:
  world: Metacurse
  x: -71.3407412553982
  y: 77.0
  z: -79.88142763913555
  yaw: -20.350586
  pitch: 7.247293
geolocation: Norway
lastAccountName: fifatord
timestamps:
  login: 1425834233612
  lastteleport: 1423669784965
  logout: 1425834295179
ipAddress: 81.166.172.219
logoutlocation:
  world: Metacurse
  x: -0.8455650012915885
  y: 70.10408037809304
  z: -132.75013588423104
  yaw: -298.09497
  pitch: 4.4117723
money: '88.0'
