money: '0.0'
lastlocation:
  world: Metacurse
  x: 828.6999999880791
  y: 56.0
  z: -312.5017617406493
  yaw: 143.69113
  pitch: -80.85002
geolocation: United Kingdom
lastAccountName: Masterofblocks13
timestamps:
  login: 1422898862530
  lastteleport: 1422898492880
  logout: 1422899390328
ipAddress: 86.159.17.117
logoutlocation:
  world: Metacurse
  x: 844.1588624626364
  y: 58.0
  z: -141.3948470055605
  yaw: 104.22778
  pitch: 0.45001194
