lastlocation:
  world: Metacurse
  x: -454.6417428620212
  y: 64.0
  z: 5414.358779047367
  yaw: -12.820016
  pitch: 7.6499763
lastAccountName: Quady03
timestamps:
  login: 1425816751021
  lastteleport: 1425816898821
  logout: 1425817610289
ipAddress: 90.193.153.229
geolocation: United Kingdom
money: '10200'
logoutlocation:
  world: Metacurse
  x: -441.1012968643313
  y: 71.0
  z: 5423.990912312274
  yaw: 62.780334
  pitch: 9.450001
