geolocation: United States
lastlocation:
  world: Metacurse
  x: -66.5
  y: 70.0
  z: -71.5
  yaw: 0.06689453
  pitch: -1.799998
lastAccountName: Seradane
timestamps:
  login: 1423797026052
  logout: 1423797967626
ipAddress: 68.194.29.228
logoutlocation:
  world: Metacurse
  x: -83.76036047972433
  y: 63.0
  z: -283.6656935065985
  yaw: -84.97572
  pitch: 11.165903
money: '0.0'
