geolocation: United States
lastlocation:
  world: Metacurse
  x: -66.5
  y: 70.0
  z: -71.5
  yaw: 0.06689453
  pitch: -1.799998
lastAccountName: gtgoodwin
timestamps:
  login: 1426032321494
  logout: 1426032326208
ipAddress: 50.170.52.115
logoutlocation:
  world: Metacurse
  x: 72.26241253618025
  y: 69.0
  z: -202.52008104053198
  yaw: 124.72436
  pitch: 21.815891
