lastlocation:
  world: Metacurse
  x: -66.5
  y: 70.0
  z: -71.5
  yaw: 0.06689453
  pitch: -1.799998
geolocation: Canada
lastAccountName: DDigitalDog
timestamps:
  login: 1423959510690
  logout: 1423959714648
ipAddress: 24.207.80.82
logoutlocation:
  world: Metacurse
  x: 88.27826812385743
  y: 92.0
  z: -551.6130388192814
  yaw: 206.07664
  pitch: 24.975685
money: '0.0'
