geolocation: United Kingdom
lastlocation:
  world: Metacurse
  x: -3955.300000011921
  y: 98.0
  z: -568.6015132381216
  yaw: 174.91948
  pitch: 6.3365545
lastAccountName: Fwiter
timestamps:
  login: 1425600254686
  logout: 1425603516795
  lastteleport: 1425603360646
ipAddress: 80.42.231.231
logoutlocation:
  world: Metacurse
  x: -536.7575126285967
  y: 63.875
  z: -859.8970608966134
  yaw: 265.04517
  pitch: 44.499805
money: '7813.47'
afk: false
homes:
  base:
    world: Metacurse
    x: -540.794384892714
    y: 63.0
    z: -856.5304393087104
    yaw: 243.02612
    pitch: 18.500078
  offices:
    world: Metacurse
    x: -3425.2575091724752
    y: 64.0
    z: -1504.1149172346738
    yaw: -89.63203
    pitch: 19.38703
