geolocation: United States
lastlocation:
  world: Metacurse
  x: -66.5
  y: 70.0
  z: -71.5
  yaw: 0.06689453
  pitch: -1.799998
lastAccountName: TopDollaPotato
timestamps:
  login: 1425343389224
  logout: 1425343781667
ipAddress: 172.4.171.16
logoutlocation:
  world: Metacurse
  x: -67.85131117526299
  y: 69.0
  z: -106.30109510340225
  yaw: -169.7175
  pitch: 24.916027
money: '0.0'
