geolocation: United States
lastlocation:
  world: Metacurse
  x: -66.5
  y: 70.0
  z: -71.5
  yaw: 0.06689453
  pitch: -1.799998
lastAccountName: Swimmer117
timestamps:
  login: 1425094941030
  logout: 1425096621767
ipAddress: 76.178.142.217
logoutlocation:
  world: Metacurse
  x: -248.96029294793766
  y: 69.0
  z: -336.30000001192093
  yaw: -163.28076
  pitch: 14.249965
money: '1727.0'
