geolocation: Australia
lastlocation:
  world: Metacurse
  x: -66.5
  y: 70.0
  z: -71.5
  yaw: 0.06689453
  pitch: -1.799998
lastAccountName: DDK_Dude
timestamps:
  login: 1426299500283
  logout: 1426299624923
ipAddress: 58.165.128.208
logoutlocation:
  world: Metacurse
  x: -85.87603602932973
  y: 72.0
  z: -70.6967304100206
  yaw: 235.27417
  pitch: 14.015901
