geolocation: Sweden
lastlocation:
  world: Metacurse
  x: -44.48565260267216
  y: 71.0
  z: -96.21125936230986
  yaw: -89.63221
  pitch: -6.149949
lastAccountName: Ahlstedt
timestamps:
  login: 1426311802089
  logout: 1426311832353
  lastteleport: 1426310835973
ipAddress: 94.103.196.63
money: '558.62'
logoutlocation:
  world: Metacurse
  x: 1281.3677615675347
  y: 64.0
  z: 5593.300000011921
  yaw: -0.95656455
  pitch: 1.3498985
