geolocation: Brazil
lastlocation:
  world: Metacurse
  x: -66.5
  y: 70.0
  z: -71.5
  yaw: 0.0
  pitch: 0.0
lastAccountName: stanthemanfan
timestamps:
  login: 1423877916345
  lastteleport: 1423877982551
  logout: 1423879424390
ipAddress: 189.29.17.172
logoutlocation:
  world: Metacurse
  x: -910.5954709333951
  y: 76.0
  z: 676.334282838763
  yaw: 70.35011
  pitch: 62.39964
money: '5273.0'
