geolocation: United Kingdom
lastAccountName: Golden_Bapple
timestamps:
  login: 1426281954439
  logout: 1426281995986
ipAddress: 81.158.210.28
lastlocation:
  world: Metacurse
  x: -66.5
  y: 70.0
  z: -71.5
  yaw: 0.06689453
  pitch: -1.799998
logoutlocation:
  world: Metacurse
  x: -65.27782089682296
  y: 71.0
  z: -181.2864469661153
  yaw: 190.8741
  pitch: 1.2658918
