lastlocation:
  world: Metacurse
  x: -67.0
  y: 70.0
  z: -72.0
  yaw: 0.0
  pitch: 0.0
lastAccountName: dead_creepers
timestamps:
  login: 1426036984536
  logout: 1426041822404
  lastteleport: 1426041466433
ipAddress: 47.55.12.196
geolocation: Canada
logoutlocation:
  world: Metacurse
  x: -52.76931496414314
  y: 69.0
  z: -61.18026755967762
  yaw: -237.75002
  pitch: 9.900049
money: '3504.23'
