geolocation: United States
lastlocation:
  world: Metacurse
  x: -66.5
  y: 70.0
  z: -71.5
  yaw: 0.06689453
  pitch: -1.799998
lastAccountName: PacificSummer1
timestamps:
  login: 1426298613112
  logout: 1426298760595
ipAddress: 174.54.111.52
logoutlocation:
  world: Metacurse
  x: 12.256803567601434
  y: 70.0
  z: -144.22081397713555
  yaw: 84.52389
  pitch: 3.2158892
