geolocation: United States
lastlocation:
  world: Metacurse
  x: -66.5
  y: 70.0
  z: -71.5
  yaw: 0.06689453
  pitch: -1.799998
lastAccountName: DEER1JET
timestamps:
  login: 1424546467249
  logout: 1424546650550
ipAddress: 70.197.224.145
logoutlocation:
  world: Metacurse
  x: -65.3000000119209
  y: 68.0
  z: -153.69734420589376
  yaw: -21.171606
  pitch: 15.964172
money: '0.0'
