money: '2499.77'
geolocation: United States
lastlocation:
  world: Metacurse
  x: -2473.5991895199745
  y: 65.0
  z: -615.6114846917881
  yaw: 121.7204
  pitch: 5.426505
lastAccountName: RavenTheGreat
timestamps:
  login: 1426282971034
  lastteleport: 1426285294464
  logout: 1426285734813
ipAddress: 71.207.9.68
logoutlocation:
  world: Metacurse
  x: -162.3411573670815
  y: 63.0
  z: -1199.3880479254167
  yaw: 308.07562
  pitch: 18.694664
homes:
  home:
    world: Metacurse
    x: -164.4642658955916
    y: 63.0
    z: -1200.427797077045
    yaw: -226.82172
    pitch: 40.931267
  city:
    world: Metacurse
    x: -4399.948992611342
    y: 64.0
    z: -881.235743043742
    yaw: -211.64368
    pitch: 18.952635
afk: false
