lastAccountName: DrBloodbathMC
timestamps:
  login: 1425441941172
  lastteleport: 1424321746775
  logout: 1425443294629
ipAddress: 96.237.21.183
lastlocation:
  world: Metacurse
  x: -40.87367591800143
  y: 74.0
  z: -29.788530757222812
  yaw: 285.51416
  pitch: 50.100056
godmode: true
afk: false
logoutlocation:
  world: Metacurse
  x: -6138.561207327466
  y: 100.0
  z: -259.95070852280855
  yaw: 275.6316
  pitch: 13.649974
money: '1194.0'
homes:
  island:
    world: Metacurse
    x: -6159.598024222014
    y: 86.0
    z: -279.30000001192093
    yaw: 180.6816
    pitch: -5.55005
  publicmine:
    world: Metacurse
    x: -132.373040778655
    y: 68.0
    z: -655.9366446104444
    yaw: 274.42303
    pitch: 20.85021
  temp:
    world: Metacurse
    x: -133.92261779717285
    y: 14.0
    z: -529.6828343965019
    yaw: 211.71436
    pitch: 11.2499895
  endportal:
    world: Metacurse
    x: -210.64035080932373
    y: 36.0
    z: 971.6029418061773
    yaw: 90.62338
    pitch: 3.107785
socialspy: true
geolocation: United States
