geolocation: United States
lastlocation:
  world: Metacurse
  x: -66.5
  y: 70.0
  z: -71.5
  yaw: 0.06689453
  pitch: -1.799998
lastAccountName: The_Apollo_Gamer
timestamps:
  login: 1425602923837
  logout: 1425603222630
ipAddress: 65.128.231.67
logoutlocation:
  world: Metacurse
  x: -305.539080932278
  y: 64.0
  z: 181.77922220339968
  yaw: 337.27637
  pitch: -6.599998
money: '0.0'
