geolocation: United Kingdom
lastlocation:
  world: Metacurse
  x: -3.044062093547942
  y: 70.0
  z: -142.20916552286903
  yaw: -177.37634
  pitch: -13.884092
lastAccountName: moddyboy1231
timestamps:
  login: 1424202913180
  logout: 1424203090705
ipAddress: 86.161.155.183
logoutlocation:
  world: Metacurse
  x: 20.315249317496566
  y: 70.0
  z: -73.35030546581949
  yaw: -178.27728
  pitch: 17.765867
money: '0.0'
