geolocation: United States
lastAccountName: SWAGGERNERDZ25
timestamps:
  login: 1425759049922
  logout: 1425761409560
ipAddress: 108.11.165.167
lastlocation:
  world: Metacurse
  x: -1386.4330587647364
  y: 124.89847772625298
  z: -106.00296627942556
  yaw: 306.37994
  pitch: 72.90001
money: '50'
logoutlocation:
  world: Metacurse
  x: -0.3738960049404117
  y: 69.0
  z: -36.31846894744072
  yaw: -247.13304
  pitch: 18.150019
