geolocation: South Africa
lastlocation:
  world: Metacurse
  x: -66.5
  y: 70.0
  z: -71.5
  yaw: 0.06689453
  pitch: -1.799998
lastAccountName: MightyMiner26
timestamps:
  login: 1426267008880
  logout: 1426267131797
ipAddress: 105.224.251.132
logoutlocation:
  world: Metacurse
  x: -75.30000001192093
  y: 68.0
  z: -133.68484097883393
  yaw: -74.75305
  pitch: 18.467924
