money: '200.0'
geolocation: Norway
lastlocation:
  world: Metacurse
  x: -66.54812805669206
  y: 70.0
  z: -71.54102719163598
  yaw: -179.09995
  pitch: -1.5000031
lastAccountName: TheOnlyChowder
timestamps:
  login: 1423241242791
  logout: 1423241315397
ipAddress: 109.247.99.207
logoutlocation:
  world: Metacurse
  x: -127.33279877272435
  y: 62.0
  z: -89.30000001192093
  yaw: 32.17414
  pitch: 7.865853
