money: '7653.0'
geolocation: United States
lastAccountName: xxLadyKaixx
timestamps:
  login: 1426209598802
  lastteleport: 1426209702699
  logout: 1426210024094
ipAddress: 68.111.252.66
lastlocation:
  world: Metacurse
  x: -3829.191883148555
  y: 83.0
  z: -1221.3859447511238
  yaw: 120.47067
  pitch: 20.699993
logoutlocation:
  world: Metacurse
  x: -4074.6114227194576
  y: 25.0
  z: -1719.4406437137163
  yaw: 156.14476
  pitch: 14.850117
afk: false
homes:
  home:
    world: Metacurse
    x: -3831.5
    y: 83.6875
    z: -1211.0999755859375
    yaw: 314.7209
    pitch: 43.349995
