geolocation: United States
lastlocation:
  world: Metacurse
  x: 38.58640847483068
  y: 70.0
  z: -149.12924628970146
  yaw: -150.53314
  pitch: 12.300058
lastAccountName: Artolis_MC
timestamps:
  login: 1425219430178
  lastteleport: 1424995154733
  logout: 1424995201737
ipAddress: 75.107.230.101
money: '1213.0'
homes:
  home:
    world: Metacurse
    x: -1787.3704860305763
    y: 40.0
    z: -2791.603188455565
    yaw: -169.31458
    pitch: 10.049625
logoutlocation:
  world: Metacurse
  x: -1779.9353640472698
  y: 44.0
  z: -2777.0184401026527
  yaw: -261.56467
  pitch: 23.549961
