geolocation: United States
lastlocation:
  world: Metacurse
  x: -637.5636477002066
  y: 70.0
  z: -189.300473127799
  yaw: 235.68678
  pitch: 22.350037
lastAccountName: PeculiarPhillip
timestamps:
  login: 1426301152738
  logout: 1426309921483
  lastteleport: 1426309483986
ipAddress: 72.168.128.201
logoutlocation:
  world: Metacurse
  x: -3442.58560647079
  y: 64.60408037809304
  z: -1413.8471305871917
  yaw: 181.69826
  pitch: 20.550137
money: '1607.17'
afk: false
homes:
  home:
    world: Metacurse
    x: -695.9096837754419
    y: 78.0
    z: -183.5234929188303
    yaw: 271.53662
    pitch: 12.300051
  desert:
    world: Metacurse
    x: -433.44863243373607
    y: 69.0
    z: -317.6325465215735
    yaw: 184.2251
    pitch: 11.700095
