geolocation: United Kingdom
lastlocation:
  world: Metacurse
  x: -66.5
  y: 70.0
  z: -71.5
  yaw: 0.06689453
  pitch: -1.799998
lastAccountName: lego7711
timestamps:
  login: 1424702572668
  logout: 1424702677602
ipAddress: 81.151.230.133
logoutlocation:
  world: Metacurse
  x: -51.414820343154595
  y: 70.0
  z: -56.54561217724204
  yaw: -319.5099
  pitch: 87.645134
money: '0.0'
