geolocation: United States
lastlocation:
  world: Metacurse
  x: -65.7571409525075
  y: 70.0
  z: -79.82158450484151
  yaw: -172.42592
  pitch: 26.315882
lastAccountName: diskdinomite
timestamps:
  login: 1423510308460
  lastteleport: 1423510330412
  logout: 1423510465871
ipAddress: 172.56.20.4
logoutlocation:
  world: Metacurse
  x: -65.29487353646908
  y: 72.0
  z: -369.7056656227337
  yaw: 188.58643
  pitch: 25.20447
money: '0.0'
