geolocation: United States
lastlocation:
  world: Metacurse
  x: -66.5
  y: 70.0
  z: -71.5
  yaw: 0.06689453
  pitch: -1.799998
lastAccountName: derpylink990
timestamps:
  login: 1424992788277
  logout: 1424992972735
ipAddress: 74.243.57.201
logoutlocation:
  world: Metacurse
  x: -105.07510125410053
  y: 69.75
  z: -134.36114754369078
  yaw: 268.72473
  pitch: 33.665913
money: '0.0'
