geolocation: United Kingdom
lastlocation:
  world: Metacurse
  x: -66.01878950692564
  y: 70.0
  z: -60.13456768760852
  yaw: 3.6740963
  pitch: 3.815892
lastAccountName: stockw311
timestamps:
  login: 1426169505271
  logout: 1426169555736
  lastteleport: 1426169537384
ipAddress: 2.125.58.231
logoutlocation:
  world: Metacurse
  x: -61.76946613717686
  y: 64.0
  z: 3.398134929962703
  yaw: -52.500008
  pitch: 17.549997
