money: '1860.0'
geolocation: United States
lastAccountName: trytheswordfish
timestamps:
  login: 1424300087126
  lastteleport: 1424301807464
  logout: 1424302107651
ipAddress: 173.48.17.251
lastlocation:
  world: Metacurse
  x: -66.5
  y: 70.0
  z: -71.5
  yaw: 0.0
  pitch: 0.0
logoutlocation:
  world: Metacurse
  x: 1897.5394687484252
  y: 64.0
  z: 2409.0785851767714
  yaw: -327.8803
  pitch: 63.749985
