geolocation: United States
lastlocation:
  world: Metacurse
  x: -66.5
  y: 70.0
  z: -71.5
  yaw: 0.06689453
  pitch: -1.799998
lastAccountName: TheGreatCrafter7
timestamps:
  login: 1423448486046
  logout: 1423448509847
ipAddress: 71.57.109.132
logoutlocation:
  world: Metacurse
  x: -67.45025172029361
  y: 70.0
  z: -73.37294350938109
  yaw: -207.87057
  pitch: 17.152313
money: '0.0'
