geolocation: United States
lastlocation:
  world: Metacurse
  x: 5117.487500011921
  y: 66.0
  z: -5740.048362969613
  yaw: -7.1311035
  pitch: 8.700086
lastAccountName: aFlyingDuck
timestamps:
  login: 1426032169322
  logout: 1426037597396
  lastteleport: 1425959258965
ipAddress: 67.163.93.146
logoutlocation:
  world: Metacurse
  x: 68.2047831337064
  y: 69.5
  z: -85.42500001192093
  yaw: -220.43445
  pitch: 79.19997
money: '1400.0'
afk: false
