lastlocation:
  world: Metacurse
  x: -6651.237500011921
  y: 59.0
  z: -1616.8748182983043
  yaw: 45.03082
  pitch: 80.25001
geolocation: United States
lastAccountName: commandostevo
timestamps:
  login: 1426287782074
  logout: 1426289481892
  lastteleport: 1426288982691
ipAddress: 24.197.146.43
logoutlocation:
  world: Metacurse
  x: -8053.332329288038
  y: 68.0
  z: 5222.106703108626
  yaw: 205.82849
  pitch: 2.6999989
homes:
  evi_:
    world: Metacurse
    x: -8448.259092138149
    y: 66.0
    z: 5173.762644383718
    yaw: 188.43054
    pitch: -14.249993
  island:
    world: Metacurse
    x: -6654.5
    y: 66.0
    z: -1634.5
    yaw: 10.980896
    pitch: 32.55006
  bar:
    world: Metacurse
    x: -8059.779060051538
    y: 64.0
    z: 5245.254407929289
    yaw: -359.97156
    pitch: 87.449974
money: '1368.18333333333334'
afk: false
