lastlocation:
  world: Metacurse
  x: -94.56183524406285
  y: 67.0
  z: -20.068828351005962
  yaw: 169.58865
  pitch: 23.184776
geolocation: Zambia
lastAccountName: blackceaser
timestamps:
  login: 1425132730993
  lastteleport: 1425132853181
  logout: 1425132948591
ipAddress: 41.215.191.36
logoutlocation:
  world: Metacurse
  x: 2227.4680290569227
  y: 72.0
  z: -68.19787157488824
  yaw: 45.568726
  pitch: -1.8776252
money: '500.0'
