money: '152.0'
geolocation: United States
lastlocation:
  world: Metacurse
  x: -3.1012683817754327
  y: 70.0
  z: -126.55979140821884
  yaw: -181.28311
  pitch: 5.849996
lastAccountName: Wolf43684
timestamps:
  login: 1425233265778
  logout: 1425238000122
  lastteleport: 1425234251008
ipAddress: 76.125.47.81
logoutlocation:
  world: Metacurse
  x: 2544.9559525840396
  y: 21.0
  z: 6999.699999988079
  yaw: 0.54230875
  pitch: -2.5499928
homes:
  home:
    world: Metacurse
    x: 2544.249015174084
    y: 58.0
    z: 7048.811215363339
    yaw: -246.81075
    pitch: 14.5499735
