money: '0.0'
lastlocation:
  world: Metacurse
  x: -68.74465946117489
  y: 130.9436884347888
  z: -67.72476198597701
  yaw: -9.537489
  pitch: 49.65005
geolocation: United States
lastAccountName: swordassassin54
timestamps:
  login: 1423019069610
  logout: 1423019230117
ipAddress: 74.103.161.11
logoutlocation:
  world: Metacurse
  x: -54.895152726404916
  y: 70.0
  z: -71.35471567611081
  yaw: 94.64935
  pitch: 21.000082
