geolocation: United States
lastlocation:
  world: Metacurse
  x: -66.5
  y: 70.0
  z: -71.5
  yaw: 0.06689453
  pitch: -1.799998
lastAccountName: Nerdy_Narwhal205
timestamps:
  login: 1426032651350
  logout: 1426032739103
ipAddress: 50.184.206.251
logoutlocation:
  world: Metacurse
  x: -107.43995182631696
  y: 70.0
  z: -108.96644028435031
  yaw: 162.52408
  pitch: 20.7659
