geolocation: United States
lastlocation:
  world: Metacurse
  x: -475.85421646520535
  y: 71.22313136684579
  z: 175.35519502379785
  yaw: 196.3505
  pitch: 86.84999
lastAccountName: Fickles
timestamps:
  login: 1424653764214
  lastteleport: 1424654060001
  logout: 1424654527925
ipAddress: 98.253.234.60
money: '1060.0'
logoutlocation:
  world: Metacurse
  x: -123.97541996599904
  y: 72.0
  z: -28.621412959537977
  yaw: 92.25012
  pitch: 35.700005
