geolocation: United States
lastlocation:
  world: Metacurse
  x: -66.5
  y: 70.0
  z: -71.5
  yaw: 0.06689453
  pitch: -1.799998
lastAccountName: shockwave17
timestamps:
  login: 1425434572779
  logout: 1425434944809
ipAddress: 69.248.205.143
logoutlocation:
  world: Metacurse
  x: -210.96231806442935
  y: 86.0
  z: -375.0761239263534
  yaw: 259.55627
  pitch: 51.900013
money: '0.0'
