money: '538.0'
geolocation: United States
lastAccountName: CanadianEatFresh
timestamps:
  login: 1425773748125
  lastteleport: 1425774333965
  logout: 1425774647125
  jail: 0
ipAddress: 104.190.203.121
lastlocation:
  world: Metacurse
  x: -2047.0867675821455
  y: 67.0
  z: -1027.7946644437766
  yaw: 92.904724
  pitch: 8.810978
homes:
  home:
    world: Metacurse
    x: -2040.784983192016
    y: 67.0
    z: -1029.1078753351271
    yaw: 329.97592
    pitch: 24.125397
logoutlocation:
  world: Metacurse
  x: -2187.943612846991
  y: 64.0
  z: -1057.088883763743
  yaw: 226.13287
  pitch: 15.525771
jailed: false
