lastlocation:
  world: Metacurse
  x: -728.7072890715062
  y: 125.72171083357794
  z: -55.24491321008552
  yaw: -276.59955
  pitch: 65.70001
geolocation: United States
lastAccountName: Sharkboy5432
timestamps:
  login: 1425197723357
  lastteleport: 1425198385429
  logout: 1425198547066
  mute: 0
ipAddress: 68.8.5.8
logoutlocation:
  world: Metacurse
  x: -130.11171853495244
  y: 66.0
  z: -384.8562721923078
  yaw: 175.41705
  pitch: 14.250007
money: '1814.0'
homes:
  home:
    world: Metacurse
    x: -705.4882015222048
    y: 66.0
    z: -57.591675425532536
    yaw: -20.24947
    pitch: 34.05001
muted: false
