geolocation: United States
lastlocation:
  world: Metacurse
  x: -66.5
  y: 70.0
  z: -71.5
  yaw: 0.06689453
  pitch: -1.799998
lastAccountName: Eminart
timestamps:
  login: 1426142045341
  logout: 1426142133933
ipAddress: 24.225.117.235
money: '225'
logoutlocation:
  world: Metacurse
  x: -164.23629105432968
  y: 68.0
  z: -71.62492544941287
  yaw: -270.97595
  pitch: 23.465893
