lastlocation:
  world: Metacurse
  x: -66.5
  y: 70.0
  z: -71.5
  yaw: 0.06689453
  pitch: -1.799998
geolocation: Sweden
lastAccountName: Ozo
timestamps:
  login: 1424203749967
  logout: 1424204903828
ipAddress: 80.216.12.90
logoutlocation:
  world: Metacurse
  x: 417.30000001192093
  y: 74.0
  z: -764.1147006495011
  yaw: 243.08386
  pitch: 27.665773
money: '33.0'
