geolocation: United States
lastlocation:
  world: Metacurse
  x: -144.68470922602802
  y: 67.0
  z: -141.2964621815469
  yaw: 21.824081
  pitch: 6.365897
lastAccountName: Forddude04
timestamps:
  login: 1423877821475
  logout: 1423878595466
  lastteleport: 1423877954846
ipAddress: 73.174.83.121
logoutlocation:
  world: Metacurse
  x: -2550.7480739163657
  y: 80.0
  z: -644.8827730689136
  yaw: -260.20898
  pitch: 12.45005
money: '0.0'
