geolocation: United States
lastlocation:
  world: Metacurse
  x: -66.5
  y: 70.0
  z: -71.5
  yaw: 0.06689453
  pitch: -1.799998
lastAccountName: mynajack
timestamps:
  login: 1424579886489
  logout: 1424579959122
ipAddress: 69.255.94.177
logoutlocation:
  world: Metacurse
  x: -65.21669172476697
  y: 70.0
  z: -71.43433769970453
  yaw: 255.20685
  pitch: 17.833342
money: '0.0'
