geolocation: United States
lastlocation:
  world: Metacurse
  x: -66.5
  y: 70.0
  z: -71.5
  yaw: 0.06689453
  pitch: -1.799998
lastAccountName: scorrpine
timestamps:
  login: 1425331950692
  logout: 1425332252566
ipAddress: 108.167.54.75
logoutlocation:
  world: Metacurse
  x: -61.59287732236765
  y: 70.0
  z: -69.33199886392684
  yaw: 6.1313143
  pitch: 32.700485
money: '279.75'
