geolocation: United States
lastAccountName: SlashRace
timestamps:
  login: 1425951349086
  logout: 1425951525496
ipAddress: 107.215.166.7
lastlocation:
  world: Metacurse
  x: -66.5
  y: 70.0
  z: -71.5
  yaw: 0.06689453
  pitch: -1.799998
logoutlocation:
  world: Metacurse
  x: -65.97244524359594
  y: 55.40072477853433
  z: 32.45766341881219
  yaw: -1.4259644
  pitch: 0.51591
