money: '0.0'
geolocation: Canada
lastAccountName: p13rc3y7
timestamps:
  login: 1423126220187
  logout: 1423126252237
  lastteleport: 1423126244037
ipAddress: 67.70.56.191
lastlocation:
  world: Metacurse
  x: -62.461864092254174
  y: 70.0
  z: -70.74165316387936
  yaw: 268.75476
  pitch: 22.042377
logoutlocation:
  world: Metacurse
  x: -63.708306209466265
  y: 70.0
  z: -71.52148715170075
  yaw: -181.64996
  pitch: 9.150003
