geolocation: United Kingdom
lastlocation:
  world: Metacurse
  x: -93.3834219244804
  y: 67.0
  z: -11.755537253867807
  yaw: -0.22561646
  pitch: 5.4659142
lastAccountName: MidasCalgar
timestamps:
  login: 1425894418060
  lastteleport: 1425894986386
  logout: 1425895271528
ipAddress: 90.196.133.240
logoutlocation:
  world: Metacurse
  x: 1012.6024876598044
  y: 64.0
  z: -2880.747441771916
  yaw: 29.625061
  pitch: 27.300013
