money: '200.0'
geolocation: United States
lastAccountName: Trentonator9000
timestamps:
  login: 1423283663596
  lastteleport: 1422766586648
  logout: 1423283669196
ipAddress: 173.169.109.100
lastlocation:
  world: Metacurse
  x: -66.5
  y: 70.0
  z: -71.5
  yaw: -180.0759
  pitch: 0.51589215
homes:
  home:
    world: newMeta
    x: -4544.436602579019
    y: 69.0
    z: -715.2670121938031
    yaw: 302.678
    pitch: 50.099964
logoutlocation:
  world: Metacurse
  x: -66.5
  y: 70.0
  z: -71.5
  yaw: 203.01698
  pitch: 64.35
