money: '1657.86'
geolocation: United States
lastAccountName: Ryan1450
timestamps:
  login: 1426010358325
  logout: 1426010495090
  lastteleport: 1425966473921
  jail: 0
ipAddress: 67.164.254.201
logoutlocation:
  world: Metacurse
  x: -2162.818631569767
  y: 68.0
  z: -1012.5857498714962
  yaw: 330.1234
  pitch: 79.964905
lastlocation:
  world: Metacurse
  x: -3.370764604512705
  y: 70.0
  z: -133.42484629670102
  yaw: 137.1237
  pitch: 5.102064
afk: false
homes:
  home:
    world: Metacurse
    x: -2170.5617765854113
    y: 78.0
    z: -1008.3768978859528
    yaw: 184.25911
    pitch: 6.633986
jailed: false
