lastlocation:
  world: Metacurse
  x: -154.75800342788747
  y: 71.0
  z: -654.7054024944624
  yaw: 352.21356
  pitch: 4.4997497
geolocation: United States
lastAccountName: Anonymous_404
timestamps:
  login: 1423514162767
  logout: 1423514186123
  lastteleport: 1423441069794
ipAddress: 68.200.105.186
homes:
  home:
    world: Metacurse
    x: -396.590473201945
    y: 77.0
    z: -27.193310103258526
    yaw: -16.28363
    pitch: 31.050049
logoutlocation:
  world: Metacurse
  x: -390.5044500619453
  y: 72.0
  z: -23.153466558015097
  yaw: -181.28363
  pitch: 21.89989
money: '2.0'
