lastlocation:
  world: Metacurse
  x: -66.5
  y: 70.0
  z: -71.5
  yaw: 0.06689453
  pitch: -1.799998
geolocation: United States
lastAccountName: Soldier2828
timestamps:
  login: 1425234905890
  logout: 1425235046557
ipAddress: 50.127.193.140
logoutlocation:
  world: Metacurse
  x: -9.750896882773668
  y: 68.0
  z: -9.807101499968107
  yaw: -112.87659
  pitch: 25.415897
money: '0.0'
