geolocation: Canada
lastlocation:
  world: Metacurse
  x: -66.5
  y: 70.0
  z: -71.5
  yaw: -180.0759
  pitch: 0.51589215
lastAccountName: todd112000
timestamps:
  login: 1423964140120
  logout: 1423964177088
ipAddress: 24.222.50.47
logoutlocation:
  world: Metacurse
  x: -66.48092616247928
  y: 70.0
  z: -76.4728362726068
  yaw: 188.47408
  pitch: 9.36588
money: '0.0'
