geolocation: United States
lastlocation:
  world: Metacurse
  x: 9.957248578701783
  y: 131.00784420873703
  z: -125.43436005029582
  yaw: 325.0606
  pitch: 89.53208
lastAccountName: StaTiiKxKALEB
timestamps:
  login: 1423594869410
  logout: 1423595108351
ipAddress: 98.92.249.210
logoutlocation:
  world: Metacurse
  x: -17.35498004241553
  y: 70.5
  z: -69.81729525654123
  yaw: 112.44333
  pitch: 40.0388
money: '0.0'
