geolocation: United States
lastlocation:
  world: Metacurse
  x: -66.5
  y: 70.0
  z: -71.5
  yaw: 0.06689453
  pitch: -1.799998
lastAccountName: mike15444
timestamps:
  login: 1424069756970
  logout: 1424069770470
ipAddress: 98.255.138.44
logoutlocation:
  world: Metacurse
  x: -70.91804607379507
  y: 70.0
  z: -70.05924674568752
  yaw: -229.12589
  pitch: 1.1158919
money: '0.0'
