geolocation: Canada
lastlocation:
  world: Metacurse
  x: -153.65387006314018
  y: 65.92159999847412
  z: 6672.621819509879
  yaw: -4.134197
  pitch: 49.34979
lastAccountName: Gourneyz
timestamps:
  login: 1424721884092
  logout: 1424722859011
  lastteleport: 1424722398523
ipAddress: 66.222.165.181
afk: false
logoutlocation:
  world: Metacurse
  x: -153.98071771007395
  y: 64.0
  z: 6673.907114652934
  yaw: 142.4158
  pitch: -9.600215
money: '727.0'
homes:
  home:
    world: Metacurse
    x: -179.670087546497
    y: 79.0
    z: 6650.524434911597
    yaw: 91.41928
    pitch: 43.499954
