lastlocation:
  world: Metacurse
  x: -139.30293166730493
  y: 117.86598758742231
  z: -2258.2790410138596
  yaw: -88.14616
  pitch: 41.100033
geolocation: Australia
lastAccountName: xXCuteSlimeXx
timestamps:
  login: 1425192811710
  lastteleport: 1425192896615
  logout: 1425193030451
ipAddress: 202.159.160.124
logoutlocation:
  world: Metacurse
  x: -63.92027077856561
  y: 70.0
  z: -70.99950741020209
  yaw: -99.3831
  pitch: 4.2000036
money: '0.0'
