geolocation: United States
lastlocation:
  world: Metacurse
  x: -66.5
  y: 70.0
  z: -71.5
  yaw: 0.06689453
  pitch: -1.799998
lastAccountName: TripleCheesey
timestamps:
  login: 1425434506005
  logout: 1425434944809
ipAddress: 71.168.130.98
logoutlocation:
  world: Metacurse
  x: -213.29952868182065
  y: 87.0
  z: -372.70956434591903
  yaw: 189.60817
  pitch: 13.532814
money: '0.0'
