geolocation: United States
lastlocation:
  world: Metacurse
  x: 199.2827826916077
  y: 70.0
  z: -2790.699554719356
  yaw: 43.217274
  pitch: 4.944875
lastAccountName: qwazwak
timestamps:
  login: 1426298391868
  lastteleport: 1426301464161
  logout: 1426301840042
  jail: 0
  mute: 0
ipAddress: 75.138.247.11
logoutlocation:
  world: Metacurse
  x: 191.30000001192093
  y: 68.0
  z: -2742.437048366345
  yaw: 342.0437
  pitch: 89.42601
money: '6990.61'
homes:
  home:
    world: Metacurse
    x: 203.32349085013044
    y: 70.0
    z: -2790.7274272510144
    yaw: 125.29904
    pitch: 11.832838
  sand:
    world: Metacurse
    x: -1234.5
    y: 87.0
    z: -1673.5
    yaw: 45.77411
    pitch: 28.773903
  doc:
    world: Metacurse
    x: 1648.9904633822403
    y: 98.0
    z: -438.87691963558945
    yaw: -267.55524
    pitch: 39.679607
jailed: false
muted: false
