lastlocation:
  world: Metacurse
  x: -66.5
  y: 70.0
  z: -71.5
  yaw: 0.06689453
  pitch: -1.799998
geolocation: United States
lastAccountName: Aiden_H1
timestamps:
  login: 1423876353311
  logout: 1423876372472
ipAddress: 71.60.52.142
logoutlocation:
  world: Metacurse
  x: -90.79470586626834
  y: 71.0
  z: -52.67782681758788
  yaw: -299.01266
  pitch: 44.209496
money: '0.0'
