geolocation: United States
lastlocation:
  world: Metacurse
  x: -297.11046935395166
  y: 69.8500000178814
  z: -239.89034544334422
  yaw: 121.65845
  pitch: 36.71953
lastAccountName: warriorchad414
timestamps:
  login: 1424737562140
  logout: 1424737600052
ipAddress: 71.31.162.219
money: '1296.0'
logoutlocation:
  world: Metacurse
  x: -968.6673758633943
  y: 70.0
  z: -316.78396292336527
  yaw: 307.6801
  pitch: 5.9171786
