geolocation: United States
lastAccountName: theshenley
timestamps:
  login: 1425420013900
  logout: 1425420024844
ipAddress: 98.214.166.25
lastlocation:
  world: Metacurse
  x: -66.5
  y: 70.0
  z: -71.5
  yaw: 0.06689453
  pitch: -1.799998
logoutlocation:
  world: Metacurse
  x: 33.323284344180465
  y: 70.0
  z: -113.87971229014207
  yaw: 153.65892
  pitch: 5.130065
money: '0.0'
