geolocation: United States
lastlocation:
  world: Metacurse
  x: -66.5
  y: 70.0
  z: -71.5
  yaw: 0.06689453
  pitch: -1.799998
lastAccountName: ShockMiester
timestamps:
  login: 1426203662547
  logout: 1426203670810
ipAddress: 76.97.225.214
logoutlocation:
  world: Metacurse
  x: -66.50415286791394
  y: 70.0
  z: -78.83232373140768
  yaw: -180.22589
  pitch: 0.6658921
