geolocation: United States
lastlocation:
  world: Metacurse
  x: -1452.601586171567
  y: 68.0
  z: -2713.2982385298114
  yaw: 38.002014
  pitch: 6.449955
lastAccountName: Taylor_Jenny
timestamps:
  login: 1425705174920
  lastteleport: 1425689193381
  logout: 1425705445865
ipAddress: 72.81.139.126
money: '225'
logoutlocation:
  world: Metacurse
  x: -51.98768645502272
  y: 68.0
  z: -129.14560548872447
  yaw: 0.74990845
  pitch: 6.6000104
