geolocation: Canada
lastlocation:
  world: Metacurse
  x: -65.38447933028027
  y: 70.0
  z: -74.49294913549208
  yaw: -285.07578
  pitch: 14.015894
lastAccountName: killer21000
timestamps:
  login: 1425607388678
  lastteleport: 1425607504494
  logout: 1425607603478
ipAddress: 162.157.80.116
logoutlocation:
  world: Metacurse
  x: -99.69265664319146
  y: 72.0
  z: -71.69166748468446
  yaw: -93.150085
  pitch: 13.950022
money: '260.15'
