geolocation: United Kingdom
lastlocation:
  world: Metacurse
  x: -66.5
  y: 70.0
  z: -71.5
  yaw: 0.06689453
  pitch: -1.799998
lastAccountName: LamboCreeper
timestamps:
  login: 1425809638703
  logout: 1425809757005
ipAddress: 2.126.95.130
logoutlocation:
  world: Metacurse
  x: -50.627067643041144
  y: 69.0
  z: -57.740520732549655
  yaw: 214.9186
  pitch: 52.56656
money: '20.0'
