lastlocation:
  world: Metacurse
  x: -2.7422321711843596
  y: 70.0
  z: -139.05296677802926
  yaw: 193.26685
  pitch: 13.199989
geolocation: United States
lastAccountName: EMB_Beansickle
timestamps:
  login: 1426048877019
  logout: 1426050177208
  lastteleport: 1426049625183
ipAddress: 64.121.147.155
money: '1281.3'
logoutlocation:
  world: Metacurse
  x: -1763.9688496296671
  y: 69.0
  z: -488.211490255266
  yaw: -222.30199
  pitch: 20.849968
