geolocation: United States
lastlocation:
  world: Metacurse
  x: -66.5
  y: 70.0
  z: -71.5
  yaw: 0.06689453
  pitch: -1.799998
lastAccountName: gerald_fenwick
timestamps:
  login: 1424644164565
  logout: 1424644170115
ipAddress: 24.192.219.106
logoutlocation:
  world: Metacurse
  x: -43.628904046826364
  y: 70.0
  z: -49.873138774406364
  yaw: 93.82394
  pitch: -5.184084
money: '0.0'
