geolocation: United States
lastlocation:
  world: Metacurse
  x: -880.2414273062424
  y: 24.0
  z: 127.30000001192093
  yaw: 276.1745
  pitch: 11.100326
lastAccountName: NightHunterRX
timestamps:
  login: 1425593723095
  logout: 1425593738598
  lastteleport: 1425256296305
ipAddress: 184.19.210.82
logoutlocation:
  world: Metacurse
  x: -928.5736924188551
  y: 63.0
  z: 100.35841893923839
  yaw: 273.0076
  pitch: 27.145245
money: '119.0'
homes:
  home:
    world: Metacurse
    x: -930.3957816093572
    y: 63.0
    z: 101.84134490280286
    yaw: 272.713
    pitch: 20.521198
