geolocation: United States
lastAccountName: mindlessmunk
timestamps:
  login: 1425687688038
  logout: 1425687792429
ipAddress: 98.93.240.143
lastlocation:
  world: Metacurse
  x: -66.5
  y: 70.0
  z: -71.5
  yaw: 0.06689453
  pitch: -1.799998
logoutlocation:
  world: Metacurse
  x: -87.69999998807907
  y: 69.0
  z: -35.84394918127312
  yaw: -76.24215
  pitch: 68.496
