geolocation: United States
lastlocation:
  world: Metacurse
  x: -67.0
  y: 70.0
  z: -72.0
  yaw: 0.0
  pitch: 0.0
lastAccountName: shortmanstamey
timestamps:
  login: 1425791576875
  lastteleport: 1425797772423
  logout: 1425799093386
ipAddress: 76.178.167.60
homes:
  home:
    world: Metacurse
    x: -860.1270211774887
    y: 68.0
    z: -1710.6260190535186
    yaw: -236.39062
    pitch: 20.54983
money: '2157.5'
logoutlocation:
  world: Metacurse
  x: -768.6999999880791
  y: 80.0
  z: -1661.300000011921
  yaw: 151.328
  pitch: 56.55002
afk: false
