geolocation: United States
lastlocation:
  world: Metacurse
  x: -515.5
  y: 70.0
  z: 89.5
  yaw: 88.88531
  pitch: 14.6999855
lastAccountName: JameyPorter28
timestamps:
  login: 1424208038953
  logout: 1424213620698
  lastteleport: 1424213370413
ipAddress: 71.121.242.239
logoutlocation:
  world: Metacurse
  x: -521.8797130869997
  y: 64.0
  z: -893.8446669352998
  yaw: 191.10077
  pitch: 9.150019
money: '411.0'
