geolocation: United States
lastlocation:
  world: Metacurse
  x: -67.0
  y: 70.0
  z: -72.0
  yaw: 0.0
  pitch: 0.0
lastAccountName: GirlyGamer5637
timestamps:
  login: 1426292056872
  logout: 1426292733450
  lastteleport: 1426216191591
ipAddress: 75.71.241.29
logoutlocation:
  world: Metacurse
  x: 5593.901515789055
  y: 72.0
  z: 5773.992284115353
  yaw: -216.37659
  pitch: 26.700008
money: '767.00'
