geolocation: United States
lastlocation:
  world: Metacurse
  x: -66.5
  y: 70.0
  z: -71.5
  yaw: 0.06689453
  pitch: -1.799998
lastAccountName: fillin3
timestamps:
  login: 1423975344802
  logout: 1423975370284
ipAddress: 69.170.119.239
logoutlocation:
  world: Metacurse
  x: -81.71667639073684
  y: 69.0
  z: -37.69970932334807
  yaw: 81.824135
  pitch: 4.7158585
money: '0.0'
