lastlocation:
  world: Metacurse
  x: 214.1265217103064
  y: 76.0
  z: -954.1348295905585
  yaw: 211.72205
  pitch: 21.749958
geolocation: United States
lastAccountName: oZombieTurdo
timestamps:
  login: 1425334497357
  logout: 1425334826406
  lastteleport: 1424133310759
ipAddress: 24.29.50.150
logoutlocation:
  world: Metacurse
  x: -1280.300000011921
  y: 65.0
  z: 1537.699999988079
  yaw: 138.07819
  pitch: 35.099995
homes:
  home:
    world: Metacurse
    x: 212.31720405398886
    y: 69.0
    z: -968.1143092844324
    yaw: 270.37195
    pitch: 8.999941
money: '2168.99'
