geolocation: United States
lastlocation:
  world: Metacurse
  x: -3148.958169028398
  y: 61.5
  z: -740.338451555933
  yaw: 129.8565
  pitch: -37.48588
lastAccountName: FireKnight92
timestamps:
  login: 1425856231676
  logout: 1425856345830
  lastteleport: 1425657897181
ipAddress: 71.31.164.31
logoutlocation:
  world: Metacurse
  x: -3122.4775743274804
  y: 71.0
  z: -739.0653354466774
  yaw: -5.3020372
  pitch: 38.478455
money: '277.51'
homes:
  home:
    world: Metacurse
    x: -3186.276719774101
    y: 64.0
    z: -718.8040969008265
    yaw: -327.91495
    pitch: 7.5655217
  storage:
    world: Metacurse
    x: -3151.6506741333883
    y: 61.5
    z: -736.913318236452
    yaw: 247.99657
    pitch: 7.0862594
afk: false
