geolocation: United States
lastlocation:
  world: Metacurse
  x: -66.5
  y: 70.0
  z: -71.5
  yaw: 0.06689453
  pitch: -1.799998
lastAccountName: David6871
timestamps:
  login: 1426193660013
  logout: 1426194234242
ipAddress: 68.56.25.255
logoutlocation:
  world: Metacurse
  x: -679.0087172720871
  y: 69.0
  z: -375.69999998807907
  yaw: -348.67526
  pitch: 30.749989
