geolocation: United States
lastAccountName: captainpigman28
timestamps:
  login: 1425687781288
  logout: 1425687897947
ipAddress: 98.221.216.144
lastlocation:
  world: Metacurse
  x: -66.5
  y: 70.0
  z: -71.5
  yaw: 0.06689453
  pitch: -1.799998
logoutlocation:
  world: Metacurse
  x: -146.74660549556444
  y: 67.0
  z: -144.62691710066514
  yaw: -349.0745
  pitch: -1.9417318
