geolocation: United States
lastlocation:
  world: Metacurse
  x: -67.0
  y: 70.0
  z: -72.0
  yaw: -2.25
  pitch: -5.4
lastAccountName: StacyRose06
timestamps:
  login: 1425586241719
  lastteleport: 1425569366777
  logout: 1425587905896
ipAddress: 76.218.194.168
logoutlocation:
  world: Metacurse
  x: -1666.484492254523
  y: 8.0
  z: -2459.320285935224
  yaw: 209.60446
  pitch: 59.100098
money: '66.0'
