geolocation: United Kingdom
lastlocation:
  world: Metacurse
  x: -65.30000001192093
  y: 69.0
  z: -38.91901887361397
  yaw: -288.60025
  pitch: 5.400016
lastAccountName: Soultrap102
timestamps:
  login: 1426291340750
  lastteleport: 1425333232419
  logout: 1426293132434
ipAddress: 86.179.212.84
logoutlocation:
  world: Metacurse
  x: -3422.7982329869383
  y: 63.0
  z: -1396.0593188305227
  yaw: 9.911255
  pitch: 19.950022
money: '1327.3'
afk: false
