money: '10294.7'
lastlocation:
  world: Metacurse
  x: -0.8127479379554565
  y: 70.0
  z: -134.5485969058452
  yaw: -268.28305
  pitch: 1.6500062
geolocation: United States
lastAccountName: uberwookie
timestamps:
  login: 1425791608399
  lastteleport: 1424628274693
  logout: 1425799095886
ipAddress: 75.87.255.71
logoutlocation:
  world: Metacurse
  x: -786.6487414419979
  y: 69.0
  z: -1674.6825686539858
  yaw: 287.2781
  pitch: 5.5499544
homes:
  home:
    world: Metacurse
    x: -789.2111743194483
    y: 69.0
    z: -1674.246717234652
    yaw: 95.14136
    pitch: 19.500086
  n2:
    world: Metacurse_nether
    x: -75.52092180852567
    y: 71.0
    z: -609.258770662316
    yaw: 176.90326
    pitch: -1.9500085
  qshop:
    world: Metacurse
    x: -481.70224502394893
    y: 70.0
    z: 5432.579488792465
    yaw: 25.694214
    pitch: 16.350088
  q:
    world: Metacurse
    x: -314.6543875992051
    y: 62.0
    z: -1284.1499936615344
    yaw: 94.79901
    pitch: 6.4499907
afk: false
