money: '200.0'
lastlocation:
  world: Metacurse
  x: -454.76990654630623
  y: 147.94368843478884
  z: -73.07736365724354
  yaw: -13.125871
  pitch: 68.46592
geolocation: United States
lastAccountName: leedle852
timestamps:
  login: 1423258932671
  logout: 1423258936489
ipAddress: 173.63.56.179
logoutlocation:
  world: Metacurse
  x: -66.47811670595195
  y: 70.0
  z: -71.64383649719682
  yaw: 181.72409
  pitch: 0.8159142
