geolocation: United States
lastlocation:
  world: Metacurse
  x: -67.0
  y: 70.0
  z: -72.0
  yaw: 0.0
  pitch: 0.0
lastAccountName: Ikewarrior36
timestamps:
  login: 1425685702942
  lastteleport: 1425687203358
  logout: 1425687887917
ipAddress: 67.223.193.122
logoutlocation:
  world: Metacurse
  x: -108.4892811308317
  y: 70.0
  z: -111.3573233408899
  yaw: 142.62935
  pitch: 13.156658
