money: '746.0'
geolocation: United States
lastAccountName: retroville268773
timestamps:
  login: 1425738512285
  lastteleport: 1425523027981
  logout: 1425738851117
  mute: 0
  jail: 0
ipAddress: 108.93.33.152
lastlocation:
  world: Metacurse
  x: -445.9857331864943
  y: 64.0
  z: 5414.426019118516
  yaw: 287.32547
  pitch: 12.149998
logoutlocation:
  world: Metacurse
  x: -810.9658898293196
  y: 144.0
  z: -1973.5568650023224
  yaw: 314.39474
  pitch: 21.449974
homes:
  home:
    world: Metacurse
    x: -829.2726102894428
    y: 144.0
    z: -1988.811321267323
    yaw: -170.1001
    pitch: 14.400001
  cave:
    world: Metacurse
    x: -857.7544100547235
    y: 11.0
    z: -1925.4946329160443
    yaw: -89.70264
    pitch: 3.4500003
  mineshaft:
    world: Metacurse
    x: -779.366592526251
    y: 32.0
    z: -1838.300000011921
    yaw: -134.69571
    pitch: 90.0
afk: false
muted: false
jailed: false
