geolocation: United States
lastlocation:
  world: Metacurse
  x: -802.8434023825231
  y: 43.0
  z: 105.96392936976319
  yaw: -149.62741
  pitch: 22.865934
lastAccountName: Cr4zy21Fr34k
timestamps:
  login: 1423966832944
  lastteleport: 1423967773961
  logout: 1423968179558
ipAddress: 71.91.21.140
logoutlocation:
  world: Metacurse
  x: -2.7142296426609955
  y: 70.0
  z: -135.94475832507644
  yaw: -145.88245
  pitch: -1.3499907
money: '12.0'
