geolocation: United States
lastlocation:
  world: Metacurse
  x: -66.5
  y: 70.0
  z: -71.5
  yaw: 0.06689453
  pitch: -1.799998
lastAccountName: GuessWhoILikelol
timestamps:
  login: 1424926107484
  logout: 1424926244052
ipAddress: 70.178.80.80
logoutlocation:
  world: Metacurse
  x: -333.30015153148037
  y: 67.0
  z: -1265.8922024703108
  yaw: -174.33698
  pitch: 1.8000358
money: '0.0'
