geolocation: United States
lastlocation:
  world: Metacurse
  x: -3821.5401926409854
  y: 83.0
  z: -1216.3884510775308
  yaw: -104.08069
  pitch: 9.599961
lastAccountName: ForsakenLedgic
timestamps:
  login: 1425900089663
  lastteleport: 1425900497548
  logout: 1425901349443
ipAddress: 68.111.252.66
money: '1096.0'
logoutlocation:
  world: Metacurse
  x: -4772.876414142144
  y: 64.0
  z: -661.7604995181662
  yaw: 300.44702
  pitch: 31.349941
homes:
  home:
    world: Metacurse
    x: -4771.379306649801
    y: 64.0
    z: -664.491337241925
    yaw: -333.15173
    pitch: 17.849962
