lastlocation:
  world: Metacurse
  x: -759.8787996982908
  y: 11.0
  z: 2402.713277155426
  yaw: 138.52393
  pitch: 90.0
geolocation: United States
lastAccountName: MsCarapace
timestamps:
  login: 1426118934958
  lastteleport: 1426123902815
  logout: 1426127262278
ipAddress: 50.133.135.90
homes:
  home:
    world: Metacurse
    x: -1268.5167576918202
    y: 65.0
    z: 1574.300000011921
    yaw: 348.6668
    pitch: 12.899901
  _cave_:
    world: Metacurse
    x: -1138.699999988079
    y: 86.0
    z: 2205.6708589130612
    yaw: 207.36572
    pitch: 11.250033
logoutlocation:
  world: Metacurse
  x: -1139.0914207695807
  y: 82.0
  z: 2201.798397449157
  yaw: 183.21567
  pitch: 25.650024
money: '13391.48'
afk: false
