geolocation: United States
lastlocation:
  world: Metacurse
  x: -481.4947534718711
  y: 70.0
  z: 5449.203888185837
  yaw: 165.63625
  pitch: 9.589332
lastAccountName: CuddlyPanda
timestamps:
  login: 1426313509380
  logout: 1426314185922
  lastteleport: 1426313236438
  mute: 0
ipAddress: 50.52.26.60
logoutlocation:
  world: Metacurse
  x: -479.89031110362737
  y: 70.0
  z: 5450.289436366067
  yaw: -316.9076
  pitch: 27.263903
homes:
  t:
    world: Metacurse
    x: -3710.15908029957
    y: 70.0
    z: -2117.435731389978
    yaw: -190.85416
    pitch: 11.63004
  spawner:
    world: Metacurse
    x: -657.8871875131524
    y: 17.0
    z: -90.95215601412606
    yaw: 154.30408
    pitch: 25.47657
  village:
    world: Metacurse
    x: -4380.47765954873
    y: 70.0
    z: -2700.4582159872552
    yaw: -308.38043
    pitch: 29.62114
  mine:
    world: Metacurse
    x: -4209.5
    y: 11.0
    z: -1119.5
    yaw: 89.78125
    pitch: 21.80283
money: '3785.3124999999999996'
afk: false
muted: false
