geolocation: United States
lastlocation:
  world: Metacurse
  x: -86.78531232550915
  y: 68.0
  z: -137.66334603862984
  yaw: -92.62488
  pitch: 4.0501027
lastAccountName: NannyBells
timestamps:
  login: 1425686516206
  logout: 1425686984848
ipAddress: 67.60.242.2
logoutlocation:
  world: Metacurse
  x: -44.01255272476689
  y: 71.0
  z: -99.76829843250468
  yaw: -355.43323
  pitch: 4.2000184
