geolocation: United States
lastlocation:
  world: Metacurse
  x: -1470.575589102523
  y: 76.0
  z: -2722.167352021625
  yaw: 223.07965
  pitch: 30.23272
lastAccountName: SharpenUrFangs
timestamps:
  login: 1425705170114
  lastteleport: 1425705276797
  logout: 1425705435860
ipAddress: 50.139.150.47
money: '275'
logoutlocation:
  world: Metacurse
  x: -51.697296383115024
  y: 68.0
  z: -129.27995264932576
  yaw: 103.7427
  pitch: 14.541211
afk: false
