money: '4411.5'
lastlocation:
  world: Metacurse
  x: 1232.699999988079
  y: 64.0
  z: 5583.886476716769
  yaw: 205.41185
  pitch: 3.4499903
geolocation: United States
lastAccountName: Kyokokat
timestamps:
  login: 1426241143807
  lastteleport: 1426126922647
  logout: 1426241146094
  jail: 0
ipAddress: 173.169.109.100
logoutlocation:
  world: Metacurse
  x: -337.57558019932424
  y: 67.5
  z: -1266.925000011921
  yaw: 272.9031
  pitch: 42.899998
afk: false
jailed: false
homes:
  feild:
    world: Metacurse
    x: -308.5
    y: 62.0
    z: -1286.5
    yaw: 183.35425
    pitch: 9.149988
  shop:
    world: Metacurse
    x: -472.4982040041111
    y: 67.0
    z: 5450.512510942819
    yaw: 268.72623
    pitch: 4.64998
