geolocation: Switzerland
lastlocation:
  world: Metacurse
  x: -66.5
  y: 70.0
  z: -71.5
  yaw: 0.06689453
  pitch: -1.799998
lastAccountName: freesbe
timestamps:
  login: 1424254287289
  logout: 1424254335448
ipAddress: 89.217.37.131
logoutlocation:
  world: Metacurse
  x: -78.16690079608159
  y: 68.0
  z: -133.39693806103855
  yaw: -65.32605
  pitch: 14.46589
money: '0.0'
