geolocation: United States
lastlocation:
  world: Metacurse
  x: -1.300000011920919
  y: 70.0
  z: -138.33841196933605
  yaw: 31.26714
  pitch: 24.75
lastAccountName: Harrison124
timestamps:
  login: 1425254711084
  logout: 1425255642855
ipAddress: 174.131.129.184
money: '100.0'
logoutlocation:
  world: Metacurse
  x: 20.53684588835369
  y: 71.0
  z: -22.0693791624532
  yaw: 5.616984
  pitch: -2.8500037
