geolocation: United States
lastlocation:
  world: Metacurse
  x: -260.5
  y: 65.0
  z: -526.5
  yaw: -271.8391
  pitch: 43.200012
lastAccountName: '88988976'
timestamps:
  login: 1426286863412
  logout: 1426288402438
  lastteleport: 1426288076184
ipAddress: 24.247.182.112
homes:
  home:
    world: Metacurse
    x: -252.69999998807907
    y: 76.0625
    z: -521.3180706243988
    yaw: -140.28914
    pitch: 24.29993
  bm:
    world: Metacurse
    x: -260.6981397648342
    y: 65.0
    z: -526.3539535913352
    yaw: -271.08914
    pitch: 42.15001
  mine:
    world: Metacurse
    x: -102.14054884387184
    y: 55.0
    z: -549.4972596023371
    yaw: -316.8407
    pitch: 5.549883
afk: false
logoutlocation:
  world: Metacurse
  x: -254.56005977203054
  y: 76.0
  z: -529.6236984888683
  yaw: 266.5115
  pitch: 14.84999
money: '1380.43'
