geolocation: United States
lastlocation:
  world: Metacurse
  x: -1315.8402938935112
  y: 66.0
  z: -834.3897292512613
  yaw: 358.3482
  pitch: 28.949991
lastAccountName: LexieFox
timestamps:
  login: 1426234595523
  lastteleport: 1426220725703
  logout: 1426236133453
ipAddress: 71.211.66.97
homes:
  home:
    world: Metacurse
    x: -2130.5
    y: 64.0
    z: -1091.5
    yaw: 139.19904
    pitch: 18.45003
  pool:
    world: Metacurse
    x: -1953.4047900590801
    y: 63.0
    z: -525.6239796943717
    yaw: 72.29916
    pitch: 52.200027
logoutlocation:
  world: Metacurse
  x: -2119.791167689958
  y: 71.0
  z: -1151.4378086591596
  yaw: 92.70203
  pitch: 46.950005
money: '876.49'
afk: false
