geolocation: United States
lastAccountName: Tycraft97
timestamps:
  login: 1425759053945
  lastteleport: 1425759345495
  logout: 1425761449672
ipAddress: 108.11.165.167
lastlocation:
  world: Metacurse
  x: -1385.0415612006357
  y: 124.94368843478874
  z: -107.97486633498417
  yaw: 353.63016
  pitch: 47.099995
money: '150'
logoutlocation:
  world: Metacurse
  x: 29.237063795648005
  y: 69.5
  z: -81.82589083865862
  yaw: 82.71631
  pitch: 13.799994
