geolocation: United States
lastlocation:
  world: Metacurse
  x: -66.5
  y: 70.0
  z: -71.5
  yaw: 0.06689453
  pitch: -1.799998
lastAccountName: willwac
timestamps:
  login: 1424892618930
  logout: 1424892772088
ipAddress: 99.71.214.36
logoutlocation:
  world: Metacurse
  x: -67.69999998807907
  y: 68.0
  z: -129.2207052238085
  yaw: -142.12405
  pitch: 24.599981
money: '0.0'
