geolocation: Australia
lastlocation:
  world: Metacurse
  x: -66.5
  y: 70.0
  z: -71.5
  yaw: 0.06689453
  pitch: -1.799998
lastAccountName: yoshijosh2001
timestamps:
  login: 1423985940749
  logout: 1423986040546
ipAddress: 101.177.146.119
logoutlocation:
  world: Metacurse
  x: -98.61301874409138
  y: 78.2531999805212
  z: -97.3069166364841
  yaw: 2.474173
  pitch: 51.065933
money: '0.0'
