geolocation: United States
lastAccountName: TwitchBox20
timestamps:
  login: 1426313095239
  logout: 1426315113251
  lastteleport: 1426310011212
ipAddress: 184.2.124.26
lastlocation:
  world: Metacurse
  x: -67.0
  y: 70.0
  z: -72.0
  yaw: 0.14999375
  pitch: 4.2000003
logoutlocation:
  world: Metacurse
  x: -3994.2509272901198
  y: 71.0
  z: -972.101487796885
  yaw: 197.40057
  pitch: 13.349885
money: '1395.5175'
afk: false
