geolocation: Norway
lastlocation:
  world: Metacurse
  x: -66.5
  y: 70.0
  z: -71.5
  yaw: 0.06689453
  pitch: -1.799998
lastAccountName: xxxxriosxxxx
timestamps:
  login: 1425685789448
  logout: 1425685909404
ipAddress: 84.48.48.158
logoutlocation:
  world: Metacurse
  x: -108.69999998807907
  y: 70.5
  z: -134.4917114290413
  yaw: 269.92413
  pitch: 14.015882
