lastlocation:
  world: Metacurse
  x: -66.5
  y: 70.0
  z: -71.5
  yaw: 0.06689453
  pitch: -1.799998
geolocation: United States
lastAccountName: LioGamez_HD
timestamps:
  login: 1424478718571
  logout: 1424478734918
ipAddress: 50.14.44.69
logoutlocation:
  world: Metacurse
  x: -66.45731227729993
  y: 68.0
  z: -121.03075148509595
  yaw: -179.45128
  pitch: 4.013762
money: '0.0'
