geolocation: United States
lastlocation:
  world: Metacurse
  x: 441.80212820991295
  y: 66.0
  z: -2374.517477022822
  yaw: -173.37921
  pitch: -8.400011
lastAccountName: danikachoo
timestamps:
  login: 1424145734459
  logout: 1424147573507
ipAddress: 99.43.251.5
money: '1066.0'
logoutlocation:
  world: Metacurse
  x: 1256.542182863172
  y: 66.0
  z: -492.76110155145193
  yaw: 338.45163
  pitch: 28.050047
afk: false
homes:
  home:
    world: Metacurse
    x: 1262.8869044622716
    y: 66.0
    z: -479.76249998807907
    yaw: 153.20166
    pitch: 21.900053
