geolocation: United States
lastlocation:
  world: Metacurse
  x: -68.23563137350214
  y: 68.0
  z: -169.423923895688
  yaw: 180.2169
  pitch: 14.550002
lastAccountName: techtrails
timestamps:
  login: 1425043060381
  lastteleport: 1424829386590
  logout: 1425043262493
ipAddress: 74.141.57.14
afk: false
money: '376.0'
homes:
  home:
    world: Metacurse
    x: -1483.5988566350425
    y: 68.0
    z: 543.2238972508507
    yaw: 139.01004
    pitch: 11.376018
logoutlocation:
  world: Metacurse
  x: -1861.3877976703734
  y: 66.0
  z: 840.1859151206842
  yaw: 214.57666
  pitch: 45.465553
