geolocation: United States
lastlocation:
  world: Metacurse
  x: -66.5
  y: 70.0
  z: -71.5
  yaw: 0.06689453
  pitch: -1.799998
lastAccountName: Davethebutterman
timestamps:
  login: 1426045007888
  logout: 1426045810320
ipAddress: 69.92.74.146
logoutlocation:
  world: Metacurse
  x: -345.6541887441134
  y: 64.0
  z: -446.90392299135647
  yaw: 327.0742
  pitch: 16.415953
