geolocation: Germany
lastlocation:
  world: Metacurse
  x: -66.5
  y: 70.0
  z: -71.5
  yaw: 0.06689453
  pitch: -1.799998
lastAccountName: Nokori
timestamps:
  login: 1425481687208
  logout: 1425481880841
ipAddress: 188.100.39.157
logoutlocation:
  world: Metacurse
  x: 151.6213163583574
  y: 67.0
  z: -206.08794273568293
  yaw: 337.87363
  pitch: 50.765656
money: '0.0'
