lastlocation:
  world: Metacurse
  x: -66.5
  y: 70.0
  z: -71.5
  yaw: 0.06689453
  pitch: -1.799998
geolocation: United States
lastAccountName: idafox
timestamps:
  login: 1423361666177
  logout: 1423361723290
ipAddress: 74.128.107.229
logoutlocation:
  world: Metacurse
  x: -65.86494310280676
  y: 70.0
  z: -68.26936102519291
  yaw: -179.92589
  pitch: 0.36589214
money: '0.0'
