lastlocation:
  world: Metacurse
  x: -66.5
  y: 70.0
  z: -71.5
  yaw: 0.06689453
  pitch: -1.799998
lastAccountName: _bloodshooter_
timestamps:
  login: 1425716291428
  logout: 1425716302736
ipAddress: 201.157.14.175
geolocation: Mexico
logoutlocation:
  world: Metacurse
  x: -66.5
  y: 70.0
  z: -71.5
  yaw: -126.37589
  pitch: 28.565887
