geolocation: United Kingdom
lastlocation:
  world: Metacurse
  x: -66.5
  y: 70.0
  z: -71.5
  yaw: 0.06689453
  pitch: -1.799998
lastAccountName: zaindude123
timestamps:
  login: 1425211558642
  logout: 1425211706663
ipAddress: 151.225.51.47
logoutlocation:
  world: Metacurse
  x: -67.46124101188556
  y: 70.0
  z: -72.69106106192669
  yaw: -6.063103
  pitch: 7.534919
money: '0.0'
