money: '100.0'
geolocation: United States
lastAccountName: White_Knight16
timestamps:
  login: 1424047843302
  lastteleport: 1424047931793
  logout: 1424048007157
ipAddress: 108.84.135.225
lastlocation:
  world: Metacurse
  x: -522.7358175140942
  y: 70.0
  z: 89.52795367987717
  yaw: 144.02695
  pitch: 39.47619
logoutlocation:
  world: Metacurse
  x: -3189.3330630106316
  y: 64.0
  z: -718.0256670657755
  yaw: 297.89056
  pitch: 13.0519285
afk: false
homes:
  cave:
    world: Metacurse
    x: -521.7514548540524
    y: 70.0
    z: 88.9542048587812
    yaw: 109.852
    pitch: 32.18408
