geolocation: United States
lastlocation:
  world: Metacurse
  x: -73.82757559423106
  y: 68.0
  z: -24.476729633499808
  yaw: 280.10974
  pitch: 37.16159
lastAccountName: PlacedObsidian
timestamps:
  login: 1425848124138
  lastteleport: 1425345861891
  logout: 1425848187841
ipAddress: 69.136.21.6
logoutlocation:
  world: Metacurse
  x: -132.43225051987102
  y: 74.0
  z: -2667.890738566351
  yaw: 64.38488
  pitch: 23.03039
money: '0.0'
