geolocation: United States
lastlocation:
  world: Metacurse
  x: -66.5
  y: 70.0
  z: -71.5
  yaw: 0.06689453
  pitch: -1.799998
lastAccountName: roxybear5000
timestamps:
  login: 1424107911831
  logout: 1424107963094
ipAddress: 173.28.86.75
logoutlocation:
  world: Metacurse
  x: -20.306728406346256
  y: 74.0
  z: -174.2217289157036
  yaw: 7.687866
  pitch: 22.349916
money: '120.0'
