geolocation: United States
lastlocation:
  world: Metacurse
  x: -93.69999998807907
  y: 67.0
  z: -11.829102843313514
  yaw: 2.9247742
  pitch: 23.615885
lastAccountName: BlueDemonRin
timestamps:
  login: 1426224532577
  lastteleport: 1426224980676
  logout: 1426228179051
ipAddress: 108.185.64.27
money: '588.57'
logoutlocation:
  world: Metacurse
  x: 1920.2903513117774
  y: 64.0
  z: -3014.0300850429726
  yaw: 268.73172
  pitch: 7.649839
