geolocation: United States
lastlocation:
  world: Metacurse
  x: -66.5
  y: 70.0
  z: -71.5
  yaw: 0.06689453
  pitch: -1.799998
lastAccountName: n0br4c
timestamps:
  login: 1426304652204
  logout: 1426304742837
ipAddress: 72.193.61.47
logoutlocation:
  world: Metacurse
  x: -66.73908910314528
  y: 69.0
  z: -175.55340494333507
  yaw: -180.22574
  pitch: 12.21589
