money: '0.0'
geolocation: United States
lastlocation:
  world: newMeta
  x: -4071.496448645601
  y: 70.0
  z: -652.7494670262638
  yaw: -178.96321
  pitch: 13.95
lastAccountName: xrisenxgum
timestamps:
  login: 1422572810770
  logout: 1422572828969
ipAddress: 74.103.161.11
logoutlocation:
  world: newMeta
  x: -4071.6608484753297
  y: 70.0
  z: -654.8716114570865
  yaw: 25.336819
  pitch: -2.0999968
