geolocation: United States
lastAccountName: brighton12345
timestamps:
  login: 1425952558666
  logout: 1425953149230
ipAddress: 174.19.40.134
lastlocation:
  world: Metacurse
  x: 2303.1434144025015
  y: 11.0
  z: 6835.893376688696
  yaw: 240.98994
  pitch: 32.55013
logoutlocation:
  world: Metacurse
  x: -2147.150387600975
  y: 64.0
  z: -1128.7449193209918
  yaw: 328.19904
  pitch: 19.800035
