geolocation: United States
lastlocation:
  world: Metacurse
  x: -67.0
  y: 70.0
  z: -72.0
  yaw: -147.15001
  pitch: 12.599999
lastAccountName: ShionSkaii
timestamps:
  login: 1425944997559
  logout: 1425953483674
  lastteleport: 1425951286105
ipAddress: 32.211.158.229
logoutlocation:
  world: Metacurse
  x: -845.4295430419093
  y: 64.0625
  z: -456.17388684921707
  yaw: -76.708496
  pitch: 10.049936
homes:
  home:
    world: Metacurse
    x: -848.4864993117268
    y: 64.0
    z: -456.4247284966268
    yaw: -42.368835
    pitch: 27.89994
money: '1327.0'
