lastlocation:
  world: Metacurse
  x: -66.5
  y: 70.0
  z: -71.5
  yaw: 0.06689453
  pitch: -1.799998
geolocation: United States
lastAccountName: Clymate
timestamps:
  login: 1423420759027
  logout: 1423420797180
ipAddress: 24.151.255.136
logoutlocation:
  world: Metacurse
  x: -63.129969734518596
  y: 70.0
  z: -70.60540073897508
  yaw: -105.82596
  pitch: 3.6658933
money: '0.0'
