lastlocation:
  world: Metacurse
  x: 58.27062882895986
  y: 130.99330928292025
  z: -95.13338656164085
  yaw: 83.31726
  pitch: 90.0
geolocation: Canada
lastAccountName: Sophie_Plays_MC
timestamps:
  login: 1425505010130
  lastteleport: 1425330874734
  logout: 1425505693055
ipAddress: 198.13.146.180
logoutlocation:
  world: Metacurse
  x: -62.87009327996435
  y: 70.0
  z: -77.04217564729817
  yaw: 320.16702
  pitch: 26.4
money: '153.0'
