lastlocation:
  world: Metacurse
  x: -51.48750001192093
  y: 69.0
  z: -2763.699999988079
  yaw: 190.529
  pitch: 30.806404
geolocation: United States
lastAccountName: batman1120002
timestamps:
  login: 1425350391274
  logout: 1425350427399
  lastteleport: 1425189931630
ipAddress: 199.117.152.252
logoutlocation:
  world: Metacurse
  x: -143.6336591893791
  y: 69.5
  z: -71.3249855865005
  yaw: 87.47982
  pitch: 6.715187
money: '360.0'
