geolocation: United States
lastlocation:
  world: Metacurse
  x: -66.5
  y: 70.0
  z: -71.5
  yaw: 0.06689453
  pitch: -1.799998
lastAccountName: Rhinoe23
timestamps:
  login: 1425150329616
  logout: 1425150555017
ipAddress: 73.45.41.38
logoutlocation:
  world: Metacurse
  x: -234.79108486364495
  y: 66.0
  z: -64.77803854311223
  yaw: -268.42584
  pitch: 13.265904
money: '0.0'
