geolocation: United States
lastAccountName: cowen21
timestamps:
  login: 1422382692175
  lastteleport: 1422382278258
  logout: 1422383603656
ipAddress: 96.237.176.12
lastlocation:
  world: Metaverse
  x: -625.0190920065486
  y: 66.0
  z: 1167.6028920337817
  yaw: 183.30403
  pitch: 10.649996
money: '1175.0'
logoutlocation:
  world: newMeta
  x: -4389.042566234031
  y: 69.0
  z: -618.3704956487957
  yaw: -278.12103
  pitch: 69.30002
