geolocation: Norway
lastlocation:
  world: Metacurse
  x: -34.20256226607456
  y: 71.0
  z: -105.01962945035294
  yaw: 49.118206
  pitch: 4.199867
lastAccountName: kcidymkcus
timestamps:
  login: 1426195914444
  logout: 1426196195747
  lastteleport: 1426196143342
ipAddress: 81.167.180.225
afk: false
logoutlocation:
  world: Metacurse
  x: -40.96751005048784
  y: 70.5
  z: -76.02875194905974
  yaw: 159.96718
  pitch: 12.750019
