money: '0.0'
lastlocation:
  world: Metacurse
  x: -66.54812805669206
  y: 130.99330928292025
  z: -71.54102719163598
  yaw: -229.39995
  pitch: 53.980724
geolocation: United States
lastAccountName: Lampshades
timestamps:
  login: 1423099232484
  logout: 1423099286243
ipAddress: 73.168.75.147
logoutlocation:
  world: Metacurse
  x: -66.45353368998136
  y: 70.0
  z: -71.95512140026065
  yaw: 181.58362
  pitch: 8.1858225
