money: '2390.0'
geolocation: United States
lastAccountName: creeperkiller830
timestamps:
  login: 1425513839097
  lastteleport: 1425514402178
  logout: 1425514411516
ipAddress: 174.55.160.168
lastlocation:
  world: Metacurse
  x: -48.12257394956147
  y: 68.0
  z: -30.032879967467807
  yaw: -356.51944
  pitch: -14.570572
logoutlocation:
  world: Metacurse
  x: -72.03511186654777
  y: 64.0
  z: -2132.8659741142105
  yaw: 159.28146
  pitch: 37.649933
afk: false
homes:
  home:
    world: Metacurse
    x: -69.27792254273183
    y: 64.0
    z: -2132.2317674218875
    yaw: 10.1814575
    pitch: 19.049934
