geolocation: United Kingdom
lastlocation:
  world: Metacurse
  x: -66.5
  y: 70.0
  z: -71.5
  yaw: 0.06689453
  pitch: -1.799998
lastAccountName: Golumpa
timestamps:
  login: 1424206082476
  logout: 1424206156788
ipAddress: 82.16.107.42
logoutlocation:
  world: Metacurse
  x: -17.11889450368984
  y: 68.0
  z: -7.819109753398962
  yaw: -345.22607
  pitch: 11.765899
money: '0.0'
