money: '0.0'
lastlocation:
  world: Metacurse
  x: -66.62661794490533
  y: 68.0
  z: -95.17105328792856
  yaw: 177.97409
  pitch: 11.315898
geolocation: United States
lastAccountName: Shinx
timestamps:
  login: 1423354592673
  logout: 1423355281558
ipAddress: 76.178.138.236
logoutlocation:
  world: Metacurse
  x: 337.625164039433
  y: 35.0
  z: -6950.176062587347
  yaw: 91.28027
  pitch: 24.12021
