geolocation: United States
lastlocation:
  world: Metacurse
  x: -160.8847393801378
  y: 69.0
  z: -47.45153160413095
  yaw: -82.433014
  pitch: -8.100013
lastAccountName: ddog6786
timestamps:
  login: 1425044664567
  lastteleport: 1425009277317
  logout: 1425044697919
ipAddress: 24.17.68.21
logoutlocation:
  world: Metacurse
  x: 458.69999998807907
  y: 70.0
  z: -2841.072165060244
  yaw: 290.60397
  pitch: 14.850021
money: '0.0'
