spawns: 
  default: 
    world: MetaSanctus
    x: 237.5
    y: 83.0
    z: 29.5
    yaw: -89.40006
    pitch: 2.2499838
