spawns: 
  default: 
    world: MetaOmega
    x: -302.840563315579
    y: 33.0
    z: 510.2787078377156
    yaw: -290.70917
    pitch: -1.2000319
