spawns: 
  newbies: 
    world: Metacurse
    x: -66.52338789726414
    y: 70.0
    z: -71.8420252550131
    yaw: -180.0759
    pitch: 0.51589215
