world: MetaOmega
x: -4345.38679162019
y: 40.0
z: -13175.784582526709
yaw: 276.98752
pitch: 2.5502691
name: backtoshop
