world: Metacurse
x: -62.5
y: 67.0
z: -10.5
yaw: 270.20425
pitch: -3.9000041
name: Bank
