world: MetaOmega
x: -305.5
y: 38.0
z: 465.5
yaw: 203.16748
pitch: -0.15000068
name: Bank
