world: Metacurse
x: -70.5
y: 69.0
z: -37.5
yaw: 71.466866
pitch: 1.7999945
name: biome
