world: Metacurse
x: -66.07329457782373
y: 69.0
z: -37.57385489487308
yaw: 91.41693
pitch: -19.949986
name: biomes
