world: Metacurse
x: -93.5
y: 69.0
z: -2320.5
yaw: 35.453835
pitch: 8.100007
name: birch
