world: MetaOmega
x: -3884.5
y: 33.0
z: -10472.5
yaw: -84.66228
pitch: 5.1002145
name: BoatBumperCars
