world: Metacurse
x: 534.5
y: 80.0
z: -3653.5
yaw: 180.44585
pitch: 1.9499937
name: bSpleefSpec
