world: Metacurse
x: 534.5
y: 80.0
z: -3647.5
yaw: 180.59634
pitch: -15.300002
name: bSpleefLobby
