world: Metacurse
x: -469.4857545925461
y: 76.0
z: -2222.5086842814494
yaw: 181.19739
pitch: 90.0
name: cairospec
