world: Metacurse
x: -469.5
y: 67.0
z: -2185.5
yaw: 180.14732
pitch: -7.9499993
name: Cairo
