world: Metacurse
x: -80.60076734737765
y: 68.0
z: -134.47943754612822
yaw: -270.08307
pitch: -6.2999954
name: chapel
