world: Metacurse
x: -89.519580160374
y: 69.0
z: -103.497984954617
yaw: 1.2668654
pitch: -4.3500066
name: courthouse
