world: Metacurse
x: -39.5
y: 68.0
z: -23.5
yaw: 110.166336
pitch: -3.9000044
name: Decapitator
