world: Metacurse
x: -1668.5
y: 69.0
z: -1485.5
yaw: 303.50616
pitch: 1.0499883
name: desert
