world: Metacurse
x: -40.50345187950296
y: 70.0
z: -79.74302490568323
yaw: 177.81653
pitch: 2.6999898
name: dropparty
