world: Metaverse
x: 80.70763810402748
y: 33.0
z: 909.4881758868518
yaw: 270.1644
pitch: 14.466513
name: end
