world: MetaOmega
x: -4442.4379581378025
y: 14.0
z: -13158.458512968633
yaw: 139.41837
pitch: 8.250229
name: EvilSpider
