world: MetaOmega
x: -4928.3337450177905
y: 25.0
z: -13346.753484218494
yaw: -354.88855
pitch: -0.6000656
name: EvilsSkellySpawner
