world: Metacurse
x: -8499.428146402206
y: 69.0
z: 4932.3969523583055
yaw: 181.72208
pitch: -9.450013
name: evillittleheads
