world: Metacurse
x: 852.824355287947
y: 100.0
z: 5741.284227931863
yaw: 87.20363
pitch: 40.95011
name: extremehills
