world: Metacurse
x: 1752.5
y: 79.0
z: -674.5
yaw: 210.80322
pitch: -8.250003
name: extreme
