world: Metacurse
x: 512.6981945945365
y: 68.0
z: -2552.273867521105
yaw: 179.55449
pitch: 3.300038
name: fishspec
