world: Metacurse
x: -3282.646561360087
y: 72.0
z: -1026.2309354740228
yaw: 256.2541
pitch: 7.3500314
name: flowerforest
