world: Metacurse
x: 4023.5
y: 63.0
z: 6718.5
yaw: 31.592976
pitch: -4.2000093
name: flowers
