world: Metacurse
x: 3904.3407664479105
y: 69.0
z: 6647.673874494836
yaw: 9.08728
pitch: 75.14999
name: flowers
