world: Metacurse
x: 1412.7118651152623
y: 112.0
z: 5696.813153910463
yaw: 325.7037
pitch: 21.300097
name: foresthills
