world: Metacurse
x: 1456.4438128481502
y: 92.0
z: 5638.987121782713
yaw: 106.85419
pitch: 43.350105
name: forest2
