world: Metacurse
x: -55.5
y: 69.0
z: -2760.5
yaw: 300.50662
pitch: -3.5999992
name: forest
