world: Metacurse
x: -37.55260183663536
y: 68.0
z: -35.23965975749806
yaw: 46.42554
pitch: -3.01108
name: Gallows
