world: Metacurse
x: -106.45787676605823
y: 70.0
z: -108.24996220661714
yaw: 1.1169896
pitch: -2.84999
name: graveyard
