world: MetaOmega
x: -303.5
y: 81.0
z: 442.5
yaw: 98.46751
pitch: -14.249998
name: HeadChopper
