world: Metacurse
x: -20.5
y: 68.0
z: -11.5
yaw: -23.033316
pitch: 5.1000056
name: info
