world: Metacurse
x: -20.5
y: 68.0
z: -22.5
yaw: 1.2666816
pitch: 0.44998792
name: InformationHub
