world: MetaOmega
x: 5913.5
y: 64.0
z: 5938.5
yaw: -270.18604
pitch: -0.30000353
name: IslandW
