world: Metacurse
x: 1578.0337982584676
y: 68.0
z: 116.25598912540705
yaw: 278.60345
pitch: -52.650032
name: jungle2
