world: Metacurse
x: 2131.3000000119205
y: 67.0
z: 204.37929505520648
yaw: 197.4577
pitch: 15.000004
name: jungle
