world: Metacurse
x: 0.0690508463640678
y: 26.0
z: 49.48211470985552
yaw: 270.50714
pitch: 73.64995
name: lavaspec
