world: Metacurse
x: 2100.3582628454087
y: 70.0
z: 5593.709583863525
yaw: 275.90594
pitch: 0.60001516
name: megataiga
