world: Metacurse
x: -2578.465339397555
y: 68.0
z: 2144.699999988079
yaw: 105.95389
pitch: -3.299675
name: mesa2
