world: Metacurse
x: 2244.5
y: 71.0
z: -116.5
yaw: -54.24554
pitch: -6.0001116
name: mesa
