world: MetaOmega
x: -281.5
y: 81.0
z: 466.5
yaw: -88.49597
pitch: -3.4802918
name: MiniW
