world: Metacurse
x: 1883.6578920426036
y: 137.0
z: 5399.514547603697
yaw: 245.00513
pitch: 30.450026
name: mountains
