world: Metaverse_nether
x: 166.98576658071298
y: 41.0
z: 17.094044726609315
yaw: 359.5476
pitch: 2.7000425
name: Nether
