world: Metacurse
x: -1368.4683555254055
y: 78.0
z: 6.580450997757456
yaw: 0.08001504
pitch: 61.05
name: nordicspec
