world: Metacurse
x: -1368.5
y: 69.0
z: -19.5
yaw: 0.013049317
pitch: 2.6152794
name: Nordic
