world: MetaOmega
x: -303.2213197212274
y: 6.0
z: 321.56052397732986
yaw: -87.99414
pitch: -2.403741
name: pheads
