world: Metacurse
x: -1591.5
y: 67.0
z: -2494.5
yaw: 123.05296
pitch: -8.250022
name: plains
