world: Metacurse
x: -1635.5
y: 64.0
z: 1606.5
yaw: 201.06657
pitch: -10.3499975
name: plains
