world: MetaOmega
x: -4329.5
y: 23.0
z: -13259.5
yaw: -176.91933
pitch: 4.0499473
name: PlayerSpawner
