world: Metacurse
x: -132.5
y: 69.0
z: -117.5
yaw: 180.06688
pitch: 13.649988
name: PlayerTowns
