world: Metacurse
x: -66.5
y: 20.0
z: -71.5
yaw: -179.94043
pitch: -30.750002
name: prizes
