world: MetaOmega
x: -2621.4234052152347
y: 67.0
z: -4973.07807420245
yaw: 182.68732
pitch: 2.9999087
name: Prom
