world: Metacurse
x: 2026.5
y: 68.0
z: -2086.5
yaw: 179.99203
pitch: 8.250003
name: pvp
