world: MetaOmega
x: 2295.263542375949
y: 68.0
z: -3615.376167767113
yaw: 86.40623
pitch: 18.26385
name: qsheep
