world: Metacurse
x: -43.420638551843666
y: 69.0
z: -51.528542625665004
yaw: 90.816986
pitch: -15.449982
name: ranks
