world: Metacurse
x: 397.5
y: 64.0
z: -2868.5
yaw: 218.30392
pitch: -5.550009
name: roofed
