world: Metacurse
x: 2084.2613171026705
y: 67.0
z: 3286.3530209755945
yaw: 174.50352
pitch: -0.45001557
name: roofed2
