world: Metacurse
x: -1375.5
y: 69.0
z: -1997.5
yaw: 179.80205
pitch: 7.050004
name: sandstorm
