world: Metacurse
x: -1375.5
y: 69.0
z: -2020.5
yaw: -0.08306936
pitch: 0.74998766
name: sandspec
