world: Metacurse
x: 1482.5
y: 72.0
z: -1273.5
yaw: 306.50385
pitch: -3.0000103
name: savannah
