world: Metacurse
x: -4290.44173862365
y: 70.0
z: -1991.021721482299
yaw: -184.45432
pitch: 12.749993
name: scatzbroshop
