world: Metacurse
x: 458.3958264908224
y: 90.0
z: -3581.5933021572437
yaw: 181.53535
pitch: 87.14962
name: scramblespec
