world: Metacurse
x: -2.5
y: 70.0
z: -143.5
yaw: 2.0169804
pitch: -5.9999824
name: ServerShop
