world: Metacurse
x: 330.35202538410545
y: 65.0
z: -2.437082831561359
yaw: -270.53207
pitch: 5.850078
name: sharpspec
