world: Metacurse
x: -5146.279311190755
y: 105.8366601141179
z: -2716.9692168933084
yaw: -214.7334
pitch: 26.399967
name: snowplains
