world: Metacurse
x: -6185.3556947888665
y: 117.0
z: -3660.8941299362996
yaw: 140.76843
pitch: 44.699993
name: spikes
