world: Metacurse
x: 534.4366504802642
y: 85.0
z: -3657.2627492998004
yaw: 179.84583
pitch: 66.9
name: spleefspec
