world: Metacurse
x: -3.8443793417569943
y: 70.0
z: -130.43723515607417
yaw: 266.77545
pitch: 8.388918
name: ss
