world: MetaOmega
x: -305.8122685980448
y: 38.0
z: 481.09223644595033
yaw: 125.59327
pitch: -4.2879167
name: ss
