world: Metacurse
x: 20.5
y: 70.0
z: -113.5
yaw: 269.46698
pitch: 8.700004
name: StaffOffices
