world: Metacurse
x: -2425.5
y: 64.0
z: -74.5
yaw: 122.60607
pitch: -5.100012
name: swamp
