world: Metacurse
x: -4619.18812129798
y: 64.0
z: 4876.125665851222
yaw: 50.746735
pitch: 0.15000024
name: swamp2
