world: Metacurse
x: -1504.5
y: 124.0
z: 2325.5
yaw: -278.33276
pitch: 70.94997
name: taiga3
