world: Metacurse
x: -1197.0672856302303
y: 82.0
z: 2511.320270104569
yaw: 257.3039
pitch: 15.150257
name: taiga2
