world: Metacurse
x: 681.5
y: 75.0
z: -2806.5
yaw: 201.67577
pitch: -8.249996
name: taiga
