world: Metacurse
x: 681.5
y: 75.0
z: -2806.5
yaw: 212.02573
pitch: -6.149985
name: taiga
