world: Metacurse
x: -168.5
y: 36.0
z: -106.5
yaw: -89.782425
pitch: -6.900004
name: Temple
