world: Metacurse
x: 849.8851633615279
y: 67.0
z: 13.602066619008982
yaw: -87.918274
pitch: 19.349861
name: tmr
