world: Metacurse
x: -35.5
y: 68.0
z: -47.5
yaw: 287.46683
pitch: -6.1500015
name: warphub
