world: Metacurse
x: -35.83663389570712
y: 68.0
z: -51.69144023221549
yaw: 268.86685
pitch: -3.749999
name: warphub
